content,category,len
1 qt ice cube,,13
1 tsp fig jam,,13
1 whole anise,,13
1/2 club soda,,13
1/2 egg white,,13
1/2 large egg,,13
1/2 lime zest,,13
1/2 nectarine,,13
1/3 club soda,,13
1/3 egg white,,13
1/3 large egg,,13
1/3 lime zest,,13
1/3 nectarine,,13
1/3 red grape,,13
1/4 club soda,,13
1/4 egg white,,13
1/4 large egg,,13
1/4 lime zest,,13
1/4 nectarine,,13
1/4 red grape,,13
1/8 club soda,,13
1/8 egg white,,13
1/8 large egg,,13
1/8 lime zest,,13
1/8 nectarine,,13
1/8 red grape,,13
2/3 egg white,,13
2/3 large egg,,13
2/3 lime zest,,13
2/3 nectarine,,13
3 1/2 oz suze,,13
3 3/4 oz suze,,13
3 oz ice cube,,13
3/4 club soda,,13
3/4 egg white,,13
3/4 large egg,,13
3/4 lime zest,,13
3/4 nectarine,,13
3/4 red grape,,13
4 oz falernum,,13
4 slice peach,,13
8 oz aged rum,,13
8 oz dark rum,,13
8 oz ice cube,,13
8 sour cherry,,13
800 g ice cube,,14
850 g aged rum,,14
900 g red wine,,14
1 orange twist,,14
1 oz club soda,,14
1 oz ruby port,,14
1 oz white rum,,14
1 vanilla bean,,14
1/3 bay leaves,,14
1/3 ginger ale,,14
1/3 large eggs,,14
1/3 large lime,,14
1/3 large mint,,14
1/3 lemon zest,,14
1/3 light beer,,14
1/3 oz dry gin,,14
1/3 ripe peach,,14
1/3 strawberry,,14
1/3 sugar cube,,14
1/4 bay leaves,,14
1/4 fresh pear,,14
1/4 large eggs,,14
1/4 large lime,,14
1/4 large mint,,14
1/4 lemon zest,,14
1/4 light beer,,14
1/4 oz dry gin,,14
1/4 ripe peach,,14
1/4 strawberry,,14
1/4 sugar cube,,14
1/8 bay leaves,,14
1/8 fresh pear,,14
1/8 ginger ale,,14
1/8 large eggs,,14
1/8 large lime,,14
1/8 large mint,,14
1/8 lemon zest,,14
1/8 light beer,,14
1/8 oz genever,,14
1/8 strawberry,,14
1/8 sugar cube,,14
12 lb ice cube,,14
12 medium lime,,14
12 sour cherry,,14
12 whole anise,,14
12 oz ice cube,,14
12 whole clove,,14
16 oz ice cube,,14
2 oz white rum,,14
2 vanilla bean,,14
2 2/3 bay leaf,,14
2 3/4 bay leaf,,14
2 cup ice cube,,14
2 oz amber rum,,14
2 oz club soda,,14
2 oz light rum,,14
2 oz white rum,,14
2/3 oz aquavit,,14
2/3 oz bourbon,,14
2/3 oz cachaca,,14
2/3 oz campari,,14
2/3 oz clamato,,14
2/3 oz curacao,,14
2/3 oz dry gin,,14
2/3 oz genever,,14
2/3 oz seltzer,,14
2/3 oz tequila,,14
2/3 oz vanilla,,14
2/3 oz whiskey,,14
2/3 pinch salt,,14
2/3 qt seltzer,,14
2/3 ripe peach,,14
2/3 slice lime,,14
2/3 splash gin,,14
2/3 sprig mint,,14
2/3 strawberry,,14
2/3 sugar cube,,14
2/3 tbsp honey,,14
2/3 tbsp sugar,,14
2/3 tbsp water,,14
2/3 tsp cognac,,14
2/3 tsp pernod,,14
2/3 twist lime,,14
2/3 wedge lime,,14
2/3 wheel lime,,14
200 g dark rum,,14
200 g drambuie,,14
200 ml bourbon,,14
200 ml campari,,14
200 ml curacao,,14
200 ml whiskey,,14
200g club soda,,14
200ml galliano,,14
25 grams sugar,,14
250 g aged rum,,14
250 g drambuie,,14
250 g dubonnet,,14
250 g ice cube,,14
250 g red wine,,14
250 g vermouth,,14
250g raw sugar,,14
250g white rum,,14
250ml drambuie,,14
3 oz white rum,,14
3 1/2 cup milk,,14
3 1/2 oz agave,,14
3 1/2 oz pisco,,14
3 1/3 cup rice,,14
3 1/3 oz sugar,,14
3 1/3 oz water,,14
3 1/4 cup rice,,14
3 1/4 egg yolk,,14
3 1/4 oz agave,,14
3 1/4 oz water,,14
3 1/8 cup milk,,14
3 1/8 ice cube,,14
3 1/8 oz pimms,,14
3 1/8 oz sugar,,14
3 1/8 oz vodka,,14
3 1/8 oz water,,14
3 2/3 egg yolk,,14
3 2/3 oz pisco,,14
3 2/3 oz vodka,,14
3 2/3 qt water,,14
3 3/4 ice cube,,14
3 3/4 oz pimms,,14
3 3/4 oz pisco,,14
3 3/4 oz water,,14
3 3/4 qt water,,14
3 dash bitters,,14
3 in pineapple,,14
3 oz club soda,,14
3 slices bread,,14
3 twist orange,,14
3/4 bay leaves,,14
3/4 cup almond,,14
3/4 cup aperol,,14
3/4 cup brandy,,14
3/4 cup cognac,,14
3/4 cup mezcal,,14
3/4 cup scotch,,14
3/4 drop water,,14
3/4 floz vodka,,14
3/4 fresh pear,,14
3/4 ginger ale,,14
3/4 large eggs,,14
3/4 large lime,,14
3/4 large mint,,14
3/4 leaf basil,,14
3/4 lemon zest,,14
3/4 light beer,,14
3/4 oz apricot,,14
3/4 oz aquavit,,14
3/4 oz bourbon,,14
3/4 oz cachaca,,14
3/4 oz campari,,14
3/4 oz clamato,,14
3/4 oz curacao,,14
3/4 oz dry gin,,14
3/4 oz genever,,14
3/4 oz seltzer,,14
3/4 oz tequila,,14
3/4 oz vanilla,,14
3/4 oz whiskey,,14
3/4 pinch salt,,14
3/4 qt seltzer,,14
3/4 ripe peach,,14
3/4 slice lime,,14
3/4 splash gin,,14
3/4 sprig mint,,14
3/4 strawberry,,14
3/4 sugar cube,,14
3/4 tbsp honey,,14
3/4 tbsp sugar,,14
3/4 tbsp water,,14
3/4 tsp cognac,,14
3/4 tsp pernod,,14
3/4 twist lime,,14
3/4 wedge lime,,14
3/4 wheel lime,,14
300 g amaretto,,14
300 g dubonnet,,14
300 g molasses,,14
300 ml genever,,14
300ml prosecco,,14
350 g vermouth,,14
350 ml tequila,,14
350ml absinthe,,14
4 dash bitters,,14
4 dash curacao,,14
4 oz amber rum,,14
4 oz applejack,,14
4 oz ruby port,,14
4 stick celery,,14
4 tsp absinthe,,14
4 twist orange,,14
4 wedge orange,,14
4 1/2 oz cynar,,14
4 1/2 oz honey,,14
4 1/2 oz sugar,,14
4 1/2 oz vodka,,14
4 1/2 oz water,,14
4 1/3 oz cynar,,14
4 1/3 oz honey,,14
4 1/3 oz vodka,,14
4 1/3 tsp salt,,14
4 1/4 oz amaro,,14
4 1/4 oz cynar,,14
4 1/4 oz vodka,,14
4 1/8 cup mint,,14
4 1/8 oz cynar,,14
4 1/8 oz vodka,,14
4 1/8 oz water,,14
4 1/8 tsp salt,,14
4 2/3 cup mint,,14
4 2/3 oz amaro,,14
4 2/3 oz honey,,14
4 2/3 oz water,,14
4 3/4 oz honey,,14
4 oz champagne,,14
4 oz cointreau,,14
4 oz raw sugar,,14
4 oz white rum,,14
4 slices bread,,14
4 wheel orange,,14
400 g dubonnet,,14
400 g vermouth,,14
400 ml campari,,14
400 ml curacao,,14
400g champagne,,14
400ml amaretto,,14
400ml drambuie,,14
450 ml campari,,14
450g white rum,,14
450ml dubonnet,,14
5 oz champagne,,14
5 oz white rum,,14
5 slices bread,,14
50 g white rum,,14
50 ml dubonnet,,14
50 ml vermouth,,14
500 g amaretto,,14
500 ml cachaca,,14
500 ml genever,,14
500 ml whiskey,,14
500g amber rum,,14
50g cold water,,14
50g whole milk,,14
50ml white rum,,14
550 g aged rum,,14
550 g dubonnet,,14
550 ml campari,,14
550 ml whiskey,,14
550g applejack,,14
6 cup red wine,,14
"6 kiwi, peeled",,14
6 oz applejack,,14
6 oz club soda,,14
6 oz cointreau,,14
6 oz white rum,,14
6 slice orange,,14
6 wheel orange,,14
6 1/2 bay leaf,,14
6 1/2 oz amaro,,14
6 1/2 oz cynar,,14
6 1/2 oz pisco,,14
6 1/3 oz agave,,14
6 1/3 oz cynar,,14
6 1/3 oz vodka,,14
6 1/4 allspice,,14
6 1/4 bay leaf,,14
6 1/4 cup milk,,14
6 1/4 egg yolk,,14
6 1/4 oz cynar,,14
6 1/4 oz honey,,14
6 1/8 allspice,,14
6 1/8 oz agave,,14
6 1/8 oz amaro,,14
6 1/8 oz cynar,,14
6 1/8 oz honey,,14
6 1/8 oz pimms,,14
6 1/8 oz pisco,,14
6 1/8 oz vodka,,14
6 2/3 egg yolk,,14
6 2/3 oz honey,,14
6 2/3 oz pimms,,14
6 2/3 oz water,,14
6 3/4 oz amaro,,14
6 3/4 oz cynar,,14
6 3/4 oz pisco,,14
6 3/4 oz vodka,,14
6 3/4 oz water,,14
6 slice orange,,14
6 slices bread,,14
6 whole cloves,,14
600 ml campari,,14
650 g amaretto,,14
650 g red wine,,14
650 ml curacao,,14
650g cointreau,,14
650ml aged rum,,14
7 slices bread,,14
7 whole cloves,,14
700 ml aquavit,,14
700 ml campari,,14
700 ml curacao,,14
700g champagne,,14
700g grenadine,,14
700g light rum,,14
700ml molasses,,14
750 g dark rum,,14
750 g molasses,,14
750 g prosecco,,14
750 ml tequila,,14
750g applejack,,14
750g white rum,,14
750ml falernum,,14
8 oz champagne,,14
8 slices bread,,14
800 g drambuie,,14
800 g galliano,,14
800 g vermouth,,14
800 ml aquavit,,14
800 ml whiskey,,14
800g cointreau,,14
800ml aged rum,,14
800ml amaretto,,14
800ml ice cube,,14
800ml vermouth,,14
850 g absinthe,,14
850g cointreau,,14
850ml amaretto,,14
850ml vermouth,,14
900 g aged rum,,14
900 ml aquavit,,14
900g cointreau,,14
900g grenadine,,14
900g light rum,,14
900ml drambuie,,14
900ml molasses,,14
950 g absinthe,,14
950 g falernum,,14
950 g vermouth,,14
950 ml curacao,,14
950g club soda,,14
950ml aged rum,,14
950ml dark rum,,14
950ml dubonnet,,14
950ml vermouth,,14
"Avocado, diced",,14
Corn tortillas,,14
cup cold water,,14
cup punt e mes,,14
"ice, as needed",,14
leaf pineapple,,14
"oil, as needed",,14
oz benedictine,,14
oz heavy cream,,14
oz old tom gin,,14
oz rye whiskey,,14
Pinch of sugar,,14
powdered sugar,,14
salt as needed,,14
"Salt, to taste",,14
100 ml ice cube,,15
1200 g aged rum,,15
1300 g ice cube,,15
1400 g red wine,,15
1450 g aged rum,,15
150 g white rum,,15
150 ml dark rum,,15
150 ml red wine,,15
1 leaf cilantro,,15
"1 lemon, halved",,15
1 oz punt e mes,,15
1 oz triple sec,,15
1 1/2 cup sugar,,15
1 1/2 cup vodka,,15
1 1/2 cup water,,15
1 1/2 large egg,,15
1 1/2 oz aperol,,15
1 1/2 oz brandy,,15
1 1/2 oz coffee,,15
1 1/2 oz cognac,,15
1 1/2 oz mezcal,,15
1 1/2 oz scotch,,15
1 1/2 oz sherry,,15
1 1/3 cup sugar,,15
1 1/3 egg white,,15
1 1/3 leaf mint,,15
1 1/3 oz averna,,15
1 1/3 oz brandy,,15
1 1/3 oz orgeat,,15
1 1/4 cup sugar,,15
1 1/4 egg white,,15
1 1/4 leaf lime,,15
1 1/4 leaf sage,,15
1 1/4 lime zest,,15
1 1/4 oz averna,,15
1 1/4 oz brandy,,15
1 1/4 oz mezcal,,15
1 1/4 oz orgeat,,15
1 1/4 oz scotch,,15
1 1/8 cup sugar,,15
1 1/8 cup water,,15
1 1/8 oz aperol,,15
1 1/8 oz cognac,,15
1 1/8 oz mezcal,,15
1 1/8 oz scotch,,15
1 1/8 tsp sugar,,15
1 2/3 cup sugar,,15
1 2/3 leaf lime,,15
1 2/3 leaf sage,,15
1 2/3 oz aperol,,15
1 2/3 oz averna,,15
1 2/3 oz mezcal,,15
1 2/3 oz scotch,,15
1 2/3 tsp sugar,,15
1 3/4 cup sugar,,15
1 3/4 cup water,,15
1 3/4 leaf mint,,15
1 3/4 oz cognac,,15
1 bottle scotch,,15
1 cup hot water,,15
1 cup raspberry,,15
1 cup soy sauce,,15
1 dash absinthe,,15
1 medium orange,,15
1 oz beet juice,,15
1 oz lime juice,,15
1 oz punt e mes,,15
1 oz triple sec,,15
1 pound oxtails,,15
1 pt whole milk,,15
1 recipe bagels,,15
1 recipe cajeta,,15
1 recipe chelow,,15
1 recipe elotes,,15
1 recipe hummus,,15
1 recipe orgeat,,15
1 recipe paneer,,15
1 sprig parsley,,15
1 teaspoon salt,,15
1 tsp grenadine,,15
1 tsp herbsaint,,15
1 tsp hot sauce,,15
1/2 can clamato,,15
1/2 crushed ice,,15
1/2 cup bourbon,,15
1/2 cup campari,,15
1/2 cup raisins,,15
1/2 cup seltzer,,15
1/2 cup tequila,,15
1/2 dash brandy,,15
1/2 dash orange,,15
1/2 drop pernod,,15
"1/2 egg, beaten",,15
1/2 green olive,,15
1/2 kosher salt,,15
1/2 lb ice cube,,15
1/2 lemon twist,,15
1/2 medium lime,,15
1/2 oz absinthe,,15
1/2 oz aged rum,,15
1/2 oz allspice,,15
1/2 oz amaretto,,15
1/2 oz calvados,,15
1/2 oz dark rum,,15
1/2 oz drambuie,,15
1/2 oz dubonnet,,15
1/2 oz falernum,,15
1/2 oz galliano,,15
1/2 oz ice cube,,15
1/2 oz molasses,,15
1/2 oz prosecco,,15
1/2 oz red wine,,15
1/2 oz vermouth,,15
1/2 qt ice cube,,15
1/2 slice lemon,,15
1/2 slice mango,,15
1/2 slice peach,,15
1/2 sour cherry,,15
1/2 sprig thyme,,15
1/2 tbsp brandy,,15
1/2 tsp fig jam,,15
1/2 twist lemon,,15
1/2 wedge lemon,,15
1/2 wheel lemon,,15
1/2 whole anise,,15
1/2 whole clove,,15
1/3 can clamato,,15
1/3 crushed ice,,15
1/3 cup bourbon,,15
1/3 cup campari,,15
1/3 cup harissa,,15
1/3 cup ketchup,,15
1/3 cup raisins,,15
1/3 cup seltzer,,15
1/3 cup tequila,,15
1/3 dash brandy,,15
1/3 dash orange,,15
1/3 drop pernod,,15
1/3 green olive,,15
1/3 kosher salt,,15
1/3 lb ice cube,,15
1/3 lemon twist,,15
1/3 medium lime,,15
1/3 oz absinthe,,15
1/3 oz aged rum,,15
1/3 oz allspice,,15
1/3 oz amaretto,,15
1/3 oz calvados,,15
1/3 oz dark rum,,15
1/3 oz drambuie,,15
1/3 oz dubonnet,,15
1/3 oz falernum,,15
1/3 oz galliano,,15
1/3 oz ice cube,,15
1/3 oz molasses,,15
1/3 oz prosecco,,15
1/3 oz red wine,,15
1/3 oz vermouth,,15
1/3 qt ice cube,,15
1/3 slice lemon,,15
1/3 slice mango,,15
1/3 slice peach,,15
1/3 sour cherry,,15
1/3 sprig thyme,,15
1/3 tbsp brandy,,15
1/3 tsp fig jam,,15
1/3 twist lemon,,15
1/3 wedge lemon,,15
1/3 wheel lemon,,15
1/3 whole anise,,15
1/3 whole clove,,15
1/4 can clamato,,15
1/4 crushed ice,,15
1/4 cup bourbon,,15
1/4 cup campari,,15
1/4 cup seltzer,,15
1/4 cup tequila,,15
1/4 dash brandy,,15
1/4 dash orange,,15
1/4 drop pernod,,15
1/4 green olive,,15
1/4 kosher salt,,15
1/4 lb ice cube,,15
1/4 lemon twist,,15
1/4 medium lime,,15
1/4 oz absinthe,,15
1/4 oz aged rum,,15
1/4 oz allspice,,15
1/4 oz amaretto,,15
1/4 oz calvados,,15
1/4 oz dark rum,,15
1/4 oz drambuie,,15
1/4 oz dubonnet,,15
1/4 oz falernum,,15
1/4 oz galliano,,15
1/4 oz ice cube,,15
1/4 oz molasses,,15
1/4 oz prosecco,,15
1/4 oz red wine,,15
1/4 oz vermouth,,15
1/4 qt ice cube,,15
1/4 slice lemon,,15
1/4 slice mango,,15
1/4 slice peach,,15
1/4 sour cherry,,15
1/4 sprig thyme,,15
1/4 tbsp brandy,,15
1/4 tsp fig jam,,15
1/4 twist lemon,,15
1/4 wedge lemon,,15
1/4 wheel lemon,,15
1/4 whole anise,,15
1/4 whole clove,,15
1/8 can clamato,,15
1/8 crushed ice,,15
1/8 cup bourbon,,15
1/8 cup campari,,15
1/8 cup seltzer,,15
1/8 cup tequila,,15
1/8 dash brandy,,15
1/8 dash orange,,15
1/8 drop pernod,,15
1/8 green olive,,15
1/8 kosher salt,,15
1/8 lb ice cube,,15
1/8 lemon twist,,15
1/8 medium lime,,15
1/8 oz absinthe,,15
1/8 oz aged rum,,15
1/8 oz allspice,,15
1/8 oz amaretto,,15
1/8 oz calvados,,15
1/8 oz dark rum,,15
1/8 oz drambuie,,15
1/8 oz dubonnet,,15
1/8 oz falernum,,15
1/8 oz galliano,,15
1/8 oz ice cube,,15
1/8 oz molasses,,15
1/8 oz prosecco,,15
1/8 oz red wine,,15
1/8 oz vermouth,,15
1/8 qt ice cube,,15
1/8 slice lemon,,15
1/8 slice mango,,15
1/8 slice peach,,15
1/8 sour cherry,,15
1/8 sprig thyme,,15
1/8 tbsp brandy,,15
1/8 tsp fig jam,,15
1/8 twist lemon,,15
1/8 wedge lemon,,15
1/8 wheel lemon,,15
1/8 whole anise,,15
1/8 whole clove,,15
10 curry leaves,,15
10 oz light rum,,15
100 g cointreau,,15
100 ml amaretto,,15
100 ml drambuie,,15
1000 g amaretto,,15
1000 g drambuie,,15
1000 ml curacao,,15
1000 ml tequila,,15
1000g champagne,,15
1000g white rum,,15
1000ml vermouth,,15
100g cold water,,15
100g spiced rum,,15
100g whole milk,,15
100ml cointreau,,15
1050 g falernum,,15
1050 g ice cube,,15
1050 g molasses,,15
1050 ml cachaca,,15
1050 ml whiskey,,15
1050g cointreau,,15
1050ml drambuie,,15
1100 g absinthe,,15
1100 ml campari,,15
1100ml aged rum,,15
1150 g aged rum,,15
1150g champagne,,15
1150g grenadine,,15
1150g white rum,,15
1150ml absinthe,,15
1150ml dubonnet,,15
1150ml prosecco,,15
12 cup ice cube,,15
12 oz amber rum,,15
12 oz applejack,,15
12 oz champagne,,15
12 oz light rum,,15
12 vanilla bean,,15
12 1/2 cup milk,,15
12 1/2 oz amaro,,15
12 1/2 oz vodka,,15
12 1/2 oz water,,15
12 1/3 oz amaro,,15
12 1/3 tsp salt,,15
12 1/4 oz amaro,,15
12 1/4 oz honey,,15
12 1/4 oz sugar,,15
12 1/4 oz vodka,,15
12 1/4 oz water,,15
12 1/4 qt water,,15
12 1/8 cup mint,,15
12 1/8 oz amaro,,15
12 1/8 oz water,,15
12 1/8 tsp salt,,15
12 2/3 allspice,,15
12 2/3 oz amaro,,15
12 2/3 oz water,,15
12 3/4 cup milk,,15
12 3/4 oz water,,15
12 3/4 qt water,,15
1200 g dubonnet,,15
1200 ml cachaca,,15
1200 ml curacao,,15
1200 ml whiskey,,15
1200g white rum,,15
1200ml ice cube,,15
1200ml red wine,,15
1250 g aged rum,,15
1250 g prosecco,,15
1250 ml campari,,15
1250g grenadine,,15
1250ml dubonnet,,15
1250ml vermouth,,15
13 ounces water,,15
1300 ml seltzer,,15
1300 ml vanilla,,15
1300g amber rum,,15
1350 g ice cube,,15
1350 ml cachaca,,15
1350 ml campari,,15
1350 ml vanilla,,15
1350g grenadine,,15
1350g white rum,,15
1350ml aged rum,,15
1350ml amaretto,,15
1350ml dark rum,,15
1350ml falernum,,15
1350ml galliano,,15
1350ml ice cube,,15
1400 g aged rum,,15
1400g raw sugar,,15
1400ml absinthe,,15
1400ml dubonnet,,15
1450 g ice cube,,15
1450 ml bourbon,,15
1450 ml curacao,,15
1450 ml genever,,15
1450 ml whiskey,,15
1450ml molasses,,15
1500 g dark rum,,15
1500 g molasses,,15
1500 ml tequila,,15
1500 ml whiskey,,15
1500g club soda,,15
150g becherovka,,15
"150g water, hot",,15
150ml white rum,,15
18 oz ruby port,,15
2 NO Cartridges,,15
2 1/2 cup honey,,15
2 1/2 cup sugar,,15
2 1/2 cup vodka,,15
2 1/2 oz aperol,,15
2 1/2 oz cognac,,15
2 1/2 oz mezcal,,15
2 1/2 oz scotch,,15
2 1/3 cup sugar,,15
2 1/3 cup vodka,,15
2 1/3 cup water,,15
2 1/3 oz mezcal,,15
2 1/4 cup honey,,15
2 1/4 cup sugar,,15
2 1/4 oz mezcal,,15
2 1/8 cup honey,,15
2 1/8 cup vodka,,15
2 1/8 cup water,,15
2 1/8 leaf mint,,15
2 1/8 lime zest,,15
2 1/8 oz mezcal,,15
2 1/8 oz scotch,,15
2 2/3 cup water,,15
2 2/3 leaf mint,,15
2 2/3 oz coffee,,15
2 2/3 oz cognac,,15
2 2/3 tsp honey,,15
2 3/4 cup honey,,15
2 3/4 lime zest,,15
2 3/4 tsp honey,,15
2 chilies ancho,,15
2 cup applejack,,15
2 cup cranberry,,15
2 dash absinthe,,15
2 garlic cloves,,15
"2 lemon, zested",,15
2 medium onions,,15
2 ounces sherry,,15
2 oz beet juice,,15
2 oz dry sherry,,15
2 oz spiced rum,,15
2 plum tomatoes,,15
2 pork stomachs,,15
2 tsp hot sauce,,15
2/3 can clamato,,15
2/3 crushed ice,,15
2/3 cup bourbon,,15
2/3 cup campari,,15
2/3 cup seltzer,,15
2/3 cup tequila,,15
2/3 dash brandy,,15
2/3 dash orange,,15
2/3 drop pernod,,15
2/3 green olive,,15
2/3 kosher salt,,15
2/3 lb ice cube,,15
2/3 lemon twist,,15
2/3 medium lime,,15
2/3 oz absinthe,,15
2/3 oz aged rum,,15
2/3 oz allspice,,15
2/3 oz amaretto,,15
2/3 oz calvados,,15
2/3 oz dark rum,,15
2/3 oz drambuie,,15
2/3 oz dubonnet,,15
2/3 oz falernum,,15
2/3 oz galliano,,15
2/3 oz ice cube,,15
2/3 oz molasses,,15
2/3 oz prosecco,,15
2/3 oz red wine,,15
2/3 oz vermouth,,15
2/3 qt ice cube,,15
2/3 slice lemon,,15
2/3 slice mango,,15
2/3 slice peach,,15
2/3 sour cherry,,15
2/3 sprig thyme,,15
2/3 tbsp brandy,,15
2/3 tsp fig jam,,15
2/3 twist lemon,,15
2/3 wedge lemon,,15
2/3 wheel lemon,,15
2/3 whole anise,,15
2/3 whole clove,,15
200 g applejack,,15
200 ml molasses,,15
200g tawny port,,15
200ml white rum,,15
24 oz amber rum,,15
250 g club soda,,15
250g whole milk,,15
250ml grenadine,,15
250ml light rum,,15
250ml white rum,,15
3 oz beet juice,,15
3 oz limoncello,,15
"3 oz water, hot",,15
3 tsp herbsaint,,15
3 1/2 club soda,,15
3 1/2 cup sugar,,15
3 1/2 cup vodka,,15
3 1/2 cup water,,15
3 1/2 leaf mint,,15
3 1/2 nectarine,,15
3 1/2 oz averna,,15
3 1/2 oz scotch,,15
3 1/2 oz sherry,,15
3 1/3 cup honey,,15
3 1/3 cup vodka,,15
3 1/3 cup water,,15
3 1/3 oz aperol,,15
3 1/3 oz coffee,,15
3 1/3 oz scotch,,15
3 1/3 oz sherry,,15
3 1/3 red grape,,15
3 1/4 cup water,,15
3 1/4 oz aperol,,15
3 1/4 oz sherry,,15
3 1/8 club soda,,15
3 1/8 cup sugar,,15
3 1/8 leaf lime,,15
3 1/8 nectarine,,15
3 1/8 oz averna,,15
3 1/8 oz sherry,,15
3 1/8 red grape,,15
3 2/3 leaf lime,,15
3 2/3 leaf mint,,15
3 2/3 oz averna,,15
3 2/3 oz brandy,,15
3 2/3 oz cognac,,15
3 2/3 oz scotch,,15
3 2/3 oz sherry,,15
3 3/4 cup honey,,15
3 3/4 cup sugar,,15
3 3/4 leaf mint,,15
3 3/4 oz aperol,,15
3 3/4 oz averna,,15
3 3/4 oz cognac,,15
3 3/4 oz sherry,,15
3 dash absinthe,,15
3/4 can clamato,,15
3/4 crushed ice,,15
3/4 cup bourbon,,15
3/4 cup campari,,15
3/4 cup seltzer,,15
3/4 cup tequila,,15
3/4 dash brandy,,15
3/4 dash orange,,15
3/4 drop pernod,,15
3/4 green olive,,15
3/4 kosher salt,,15
3/4 lb ice cube,,15
3/4 lemon twist,,15
3/4 medium lime,,15
3/4 oz absinthe,,15
3/4 oz aged rum,,15
3/4 oz allspice,,15
3/4 oz amaretto,,15
3/4 oz calvados,,15
3/4 oz dark rum,,15
3/4 oz drambuie,,15
3/4 oz dubonnet,,15
3/4 oz falernum,,15
3/4 oz galliano,,15
3/4 oz ice cube,,15
3/4 oz molasses,,15
3/4 oz prosecco,,15
3/4 oz red wine,,15
3/4 oz vermouth,,15
3/4 qt ice cube,,15
3/4 slice lemon,,15
3/4 slice mango,,15
3/4 slice peach,,15
3/4 sour cherry,,15
3/4 sprig thyme,,15
3/4 tbsp brandy,,15
3/4 tsp fig jam,,15
3/4 twist lemon,,15
3/4 wedge lemon,,15
3/4 wheel lemon,,15
3/4 whole anise,,15
3/4 whole clove,,15
300 g applejack,,15
300 ml drambuie,,15
300g cold water,,15
300g dry sherry,,15
300g whole milk,,15
300ml champagne,,15
300ml grenadine,,15
350 g cointreau,,15
350 ml ice cube,,15
350g beet juice,,15
"4 oz water, hot",,15
4 1/2 leaf mint,,15
4 1/2 oz coffee,,15
4 1/2 oz cognac,,15
4 1/2 oz mezcal,,15
4 1/2 oz orgeat,,15
4 1/2 oz sherry,,15
4 1/3 cup vodka,,15
4 1/3 cup water,,15
4 1/3 in orange,,15
4 1/3 oz aperol,,15
4 1/3 oz averna,,15
4 1/3 oz mezcal,,15
4 1/3 oz orgeat,,15
4 1/4 cup honey,,15
4 1/4 cup sugar,,15
4 1/4 leaf mint,,15
4 1/4 oz scotch,,15
4 1/4 tsp honey,,15
4 1/4 tsp sugar,,15
4 1/8 cup grape,,15
4 1/8 cup honey,,15
4 1/8 cup sugar,,15
4 1/8 in orange,,15
4 1/8 leaf mint,,15
4 1/8 nectarine,,15
4 1/8 oz mezcal,,15
4 1/8 oz orgeat,,15
4 1/8 oz pernod,,15
4 2/3 cup grape,,15
4 2/3 cup sugar,,15
4 2/3 cup vodka,,15
4 2/3 cup water,,15
4 2/3 leaf mint,,15
4 2/3 oz aperol,,15
4 2/3 oz averna,,15
4 2/3 oz coffee,,15
4 2/3 oz mezcal,,15
4 2/3 oz orgeat,,15
4 2/3 oz scotch,,15
4 2/3 tsp honey,,15
4 3/4 cup honey,,15
4 3/4 cup sugar,,15
4 3/4 oz cognac,,15
4 3/4 oz scotch,,15
4 3/4 oz sherry,,15
4 oz whole milk,,15
4 ripe avocados,,15
400 g cointreau,,15
400 g raw sugar,,15
400 ml prosecco,,15
400 ml vermouth,,15
400ml grenadine,,15
450 ml absinthe,,15
450 ml aged rum,,15
450g dry sherry,,15
450g hard cider,,15
450ml grenadine,,15
450ml raw sugar,,15
50 g hard cider,,15
50 g punt e mes,,15
50 g spiced rum,,15
50 g whole milk,,15
50 ml grenadine,,15
50 ml white rum,,15
500 g grenadine,,15
500 ml aged rum,,15
500g beet juice,,15
50g benedictine,,15
50g dry curacao,,15
50g fino sherry,,15
50ml spiced rum,,15
550 g grenadine,,15
550 g light rum,,15
550 ml dark rum,,15
550ml cointreau,,15
6 cup raspberry,,15
6 oz lime juice,,15
6 oz rose water,,15
6 oz triple sec,,15
6 tsp hot sauce,,15
6 1/2 club soda,,15
6 1/2 cup sugar,,15
6 1/2 lb tomato,,15
6 1/2 oz aperol,,15
6 1/2 oz brandy,,15
6 1/2 oz mezcal,,15
6 1/2 oz scotch,,15
6 1/3 cup water,,15
6 1/3 oz aperol,,15
6 1/3 oz brandy,,15
6 1/3 oz mezcal,,15
6 1/3 oz orgeat,,15
6 1/4 cup sugar,,15
6 1/4 cup vodka,,15
6 1/4 in ginger,,15
6 1/4 oz aperol,,15
6 1/4 oz cognac,,15
6 1/4 oz mezcal,,15
6 1/8 cup sugar,,15
6 1/8 cup vodka,,15
6 1/8 in ginger,,15
6 1/8 lb tomato,,15
6 1/8 oz brandy,,15
6 1/8 oz mezcal,,15
6 1/8 oz orgeat,,15
6 1/8 oz pernod,,15
6 1/8 oz scotch,,15
6 2/3 club soda,,15
6 2/3 cup water,,15
6 2/3 oz brandy,,15
6 2/3 oz cognac,,15
6 2/3 oz orgeat,,15
6 2/3 oz pernod,,15
6 2/3 oz scotch,,15
6 3/4 cup sugar,,15
6 3/4 cup water,,15
6 3/4 leaf mint,,15
6 3/4 oz mezcal,,15
6 3/4 oz orgeat,,15
6 oz becherovka,,15
6 oz hard cider,,15
"6 oz water, hot",,15
600 g white rum,,15
600 ml vermouth,,15
600g punt e mes,,15
650 g club soda,,15
650 ml amaretto,,15
650 ml drambuie,,15
650 ml prosecco,,15
650g dry sherry,,15
650g whole milk,,15
650ml amber rum,,15
700 g amber rum,,15
700 ml dubonnet,,15
700 ml vermouth,,15
700g becherovka,,15
700g dry sherry,,15
700g punt e mes,,15
700ml champagne,,15
700ml cointreau,,15
750 g white rum,,15
750 ml dark rum,,15
750 ml dubonnet,,15
750g spiced rum,,15
750ml white rum,,15
800 g champagne,,15
800g hard cider,,15
850 g white rum,,15
850 ml dubonnet,,15
850 ml molasses,,15
850 ml red wine,,15
850ml white rum,,15
900 g amber rum,,15
900 g champagne,,15
900 ml ice cube,,15
900 ml vermouth,,15
900g whole milk,,15
900ml club soda,,15
900ml light rum,,15
900ml white rum,,15
950 ml dark rum,,15
950 ml ice cube,,15
"950g water, hot",,15
Agave Sweetener,,15
Cherry Tomatoes,,15
chopped parsley,,15
Cocktail Cherry,,15
cup crushed ice,,15
cup lemon juice,,15
ice as required,,15
more cornstarch,,15
Roasted peppers,,15
salt and pepper,,15
"salt, as needed",,15
tsp celery salt,,15
Unsalted butter,,15
water as needed,,15
White Cane Cube,,15
1 cup lime juice,,16
1 cup whole milk,,16
1 ft cheesecloth,,16
"1 orange, zested",,16
1 oz fino sherry,,16
1 oz honey syrup,,16
1 oz mild fernet,,16
1 oz old tom gin,,16
1 oz pear brandy,,16
1 1/2 cup cognac,,16
1 1/2 cups dashi,,16
1 1/2 cups sugar,,16
1 1/2 cups water,,16
1 1/2 floz vodka,,16
1 1/2 leaf basil,,16
1 1/2 oz bourbon,,16
1 1/2 oz cachaca,,16
1 1/2 oz campari,,16
1 1/2 oz dry gin,,16
1 1/2 oz genever,,16
1 1/2 oz seltzer,,16
1 1/2 oz tequila,,16
1 1/2 oz whiskey,,16
1 1/2 slice lime,,16
1 1/2 sprig mint,,16
1 1/3 cups dashi,,16
1 1/3 floz vodka,,16
1 1/3 ginger ale,,16
1 1/3 leaf basil,,16
1 1/3 lemon zest,,16
1 1/3 oz bourbon,,16
1 1/3 oz campari,,16
1 1/3 oz seltzer,,16
1 1/3 oz whiskey,,16
1 1/4 bay leaves,,16
1 1/4 ginger ale,,16
1 1/4 lemon zest,,16
1 1/4 oz bourbon,,16
1 1/4 oz campari,,16
1 1/4 oz curacao,,16
1 1/4 oz tequila,,16
1 1/4 oz whiskey,,16
1 1/4 sprig mint,,16
1 1/4 tsp cognac,,16
1 1/8 cup mezcal,,16
1 1/8 floz vodka,,16
1 1/8 leaf basil,,16
1 1/8 oz dry gin,,16
1 1/8 oz whiskey,,16
1 1/8 tbsp sugar,,16
1 1/8 tbsp water,,16
1 1/8 wheel lime,,16
1 2/3 cup cognac,,16
1 2/3 cup mezcal,,16
1 2/3 oz bourbon,,16
1 2/3 oz curacao,,16
1 2/3 oz dry gin,,16
1 2/3 oz genever,,16
1 2/3 tbsp water,,16
1 2/3 tsp cognac,,16
1 2/3 wedge lime,,16
1 3/4 oz aquavit,,16
1 3/4 oz dry gin,,16
1 3/4 oz genever,,16
1 3/4 oz seltzer,,16
1 3/4 oz whiskey,,16
1 3/4 wedge lime,,16
1 3/4 wheel lime,,16
1 bottle bourbon,,16
1 bottle seltzer,,16
1 candied ginger,,16
1 cinnamon stick,,16
1 cup buttermilk,,16
1 cup corn syrup,,16
1 cup fresh mint,,16
1 cup mayonnaise,,16
1 cup sour cream,,16
1 dash cointreau,,16
1 dash grenadine,,16
1 head of garlic,,16
1 in orange zest,,16
1 large egg yolk,,16
1 large ice cube,,16
"1 orange, zested",,16
1 oz benedictine,,16
1 oz ginger beer,,16
1 oz heavy cream,,16
1 oz honey syrup,,16
1 oz lemon juice,,16
1 oz old tom gin,,16
1 oz pear brandy,,16
1 oz rye whiskey,,16
1 pt heavy cream,,16
1 recipe baharat,,16
1 recipe cannoli,,16
1 recipe ceviche,,16
1 recipe falafel,,16
1 recipe ketchup,,16
1 recipe polenta,,16
1 recipe pupusas,,16
1 recipe risotto,,16
1 recipe samosas,,16
1 slice cucumber,,16
1 slice of bread,,16
1 sprig cilantro,,16
1 sprig marjoram,,16
1 sprig rosemary,,16
1 sprig tarragon,,16
1 stick cinnamon,,16
1 tbsp egg white,,16
1 tbsp white rum,,16
1 teaspoon sugar,,16
1 wedge cucumber,,16
1 wheel cucumber,,16
1/2 bottle vodka,,16
1/2 cardamom pod,,16
1/2 cup aged rum,,16
1/2 cup dark rum,,16
1/2 cup hazelnut,,16
1/2 cup ice cube,,16
1/2 cup red wine,,16
1/2 dash bitters,,16
1/2 dash curacao,,16
1/2 in pineapple,,16
"1/2 kiwi, peeled",,16
1/2 orange twist,,16
1/2 oz amber rum,,16
1/2 oz applejack,,16
1/2 oz caperitif,,16
1/2 oz champagne,,16
1/2 oz club soda,,16
1/2 oz cointreau,,16
1/2 oz grenadine,,16
1/2 oz light rum,,16
1/2 oz pineapple,,16
1/2 oz raw sugar,,16
1/2 oz ruby port,,16
1/2 oz white rum,,16
"1/2 peach, cubed",,16
1/2 piece orange,,16
1/2 slice orange,,16
1/2 stick celery,,16
1/2 tbsp chicory,,16
1/2 tsp absinthe,,16
1/2 tsp sea salt,,16
1/2 twist orange,,16
1/2 vanilla bean,,16
1/2 wedge orange,,16
1/2 wheel orange,,16
1/3 bottle vodka,,16
1/3 cardamom pod,,16
1/3 cup aged rum,,16
1/3 cup dark rum,,16
1/3 cup hazelnut,,16
1/3 cup ice cube,,16
1/3 cup red wine,,16
1/3 dash bitters,,16
1/3 dash curacao,,16
1/3 in pineapple,,16
"1/3 kiwi, peeled",,16
1/3 orange twist,,16
1/3 oz amber rum,,16
1/3 oz applejack,,16
1/3 oz caperitif,,16
1/3 oz champagne,,16
1/3 oz club soda,,16
1/3 oz cointreau,,16
1/3 oz grenadine,,16
1/3 oz light rum,,16
1/3 oz pineapple,,16
1/3 oz raw sugar,,16
1/3 oz ruby port,,16
1/3 oz white rum,,16
"1/3 peach, cubed",,16
1/3 piece orange,,16
1/3 slice orange,,16
1/3 stick celery,,16
1/3 tbsp chicory,,16
1/3 tsp absinthe,,16
1/3 tsp sea salt,,16
1/3 twist orange,,16
1/3 vanilla bean,,16
1/3 wedge orange,,16
1/3 wheel orange,,16
1/4 bottle vodka,,16
1/4 cardamom pod,,16
1/4 cup aged rum,,16
1/4 cup dark rum,,16
1/4 cup hazelnut,,16
1/4 cup ice cube,,16
1/4 cup red wine,,16
1/4 dash bitters,,16
1/4 dash curacao,,16
1/4 in pineapple,,16
"1/4 kiwi, peeled",,16
1/4 orange twist,,16
1/4 oz amber rum,,16
1/4 oz applejack,,16
1/4 oz caperitif,,16
1/4 oz champagne,,16
1/4 oz club soda,,16
1/4 oz cointreau,,16
1/4 oz grenadine,,16
1/4 oz light rum,,16
1/4 oz pineapple,,16
1/4 oz raw sugar,,16
1/4 oz ruby port,,16
1/4 oz white rum,,16
"1/4 peach, cubed",,16
1/4 piece orange,,16
1/4 slice orange,,16
1/4 stick celery,,16
1/4 tbsp chicory,,16
1/4 tsp absinthe,,16
1/4 tsp cinnamon,,16
1/4 tsp sea salt,,16
1/4 tsp. vanilla,,16
1/4 twist orange,,16
1/4 vanilla bean,,16
1/4 wedge orange,,16
1/4 wheel orange,,16
1/8 bottle vodka,,16
1/8 cardamom pod,,16
1/8 cup aged rum,,16
1/8 cup dark rum,,16
1/8 cup hazelnut,,16
1/8 cup ice cube,,16
1/8 cup red wine,,16
1/8 dash bitters,,16
1/8 dash curacao,,16
1/8 in pineapple,,16
"1/8 kiwi, peeled",,16
1/8 orange twist,,16
1/8 oz amber rum,,16
1/8 oz applejack,,16
1/8 oz caperitif,,16
1/8 oz champagne,,16
1/8 oz club soda,,16
1/8 oz cointreau,,16
1/8 oz grenadine,,16
1/8 oz light rum,,16
1/8 oz pineapple,,16
1/8 oz raw sugar,,16
1/8 oz ruby port,,16
1/8 oz white rum,,16
"1/8 peach, cubed",,16
1/8 piece orange,,16
1/8 slice orange,,16
1/8 stick celery,,16
1/8 tbsp chicory,,16
1/8 tsp absinthe,,16
1/8 tsp sea salt,,16
1/8 twist orange,,16
1/8 vanilla bean,,16
1/8 wedge orange,,16
1/8 wheel orange,,16
10 leaf cilantro,,16
100 g cold water,,16
100 ml grenadine,,16
1000 g grenadine,,16
1000 ml drambuie,,16
1000 ml dubonnet,,16
1000g punt e mes,,16
1000g rose water,,16
1000ml white rum,,16
100g apple cider,,16
100g crushed ice,,16
100g rye whiskey,,16
100g tonic water,,16
100ml cold water,,16
100ml tawny port,,16
100ml whole milk,,16
1050 g club soda,,16
1050 g cointreau,,16
1050g cold water,,16
1050g triple sec,,16
1050g whole milk,,16
1050ml champagne,,16
1050ml raw sugar,,16
1100 g champagne,,16
1100 g cointreau,,16
1100 g white rum,,16
1100 ml amaretto,,16
1100 ml dubonnet,,16
1100g becherovka,,16
1100g cold water,,16
1100g rose water,,16
1100ml applejack,,16
1100ml grenadine,,16
1150 g cointreau,,16
1150 ml absinthe,,16
1150 ml ice cube,,16
1150g whole milk,,16
12 leaf cilantro,,16
12 NO Cartridges,,16
12 oz beet juice,,16
12 oz dry sherry,,16
12 oz lime juice,,16
12 oz tawny port,,16
12 1/2 cup grape,,16
12 1/2 cup honey,,16
12 1/2 cup water,,16
12 1/2 egg white,,16
12 1/2 in ginger,,16
12 1/2 oz aperol,,16
12 1/2 oz brandy,,16
12 1/2 oz cognac,,16
12 1/2 oz mezcal,,16
12 1/2 oz orgeat,,16
12 1/3 cup vodka,,16
12 1/3 egg white,,16
12 1/3 lb tomato,,16
12 1/3 leaf mint,,16
12 1/3 leaf sage,,16
12 1/3 oz brandy,,16
12 1/3 oz coffee,,16
12 1/3 tsp sugar,,16
12 1/3 tsp water,,16
12 1/4 leaf sage,,16
12 1/4 oz averna,,16
12 1/4 oz brandy,,16
12 1/4 oz mezcal,,16
12 1/4 red grape,,16
12 1/4 tsp agave,,16
12 1/8 cup water,,16
12 1/8 lb tomato,,16
12 1/8 oz aperol,,16
12 1/8 oz cognac,,16
12 1/8 oz mezcal,,16
12 1/8 oz scotch,,16
12 1/8 red grape,,16
12 2/3 cup grape,,16
12 2/3 cup sugar,,16
12 2/3 leaf mint,,16
12 2/3 leaf sage,,16
12 2/3 oz averna,,16
12 2/3 oz brandy,,16
12 2/3 oz coffee,,16
12 2/3 oz scotch,,16
12 2/3 oz sherry,,16
12 3/4 cup honey,,16
12 3/4 cup vodka,,16
12 3/4 egg white,,16
12 3/4 in orange,,16
12 3/4 leaf sage,,16
12 3/4 oz cognac,,16
12 3/4 oz mezcal,,16
12 3/4 tsp agave,,16
12 3/4 tsp sugar,,16
12 3/4 tsp water,,16
12 garlic cloves,,16
"12 lemon, halved",,16
1200 g grenadine,,16
1200 ml amaretto,,16
1200 ml molasses,,16
1200 ml red wine,,16
1200ml champagne,,16
1200ml club soda,,16
1200ml grenadine,,16
1250 g club soda,,16
1250 g white rum,,16
1250 ml absinthe,,16
1250 ml aged rum,,16
1250 ml dark rum,,16
1250 ml falernum,,16
1250g punt e mes,,16
1250g spiced rum,,16
1300 g grenadine,,16
1300 ml aged rum,,16
1300 ml falernum,,16
1300 ml galliano,,16
1300g amer picon,,16
1300g becherovka,,16
1300ml champagne,,16
1350 g champagne,,16
1350g becherovka,,16
1350g dry sherry,,16
1350ml club soda,,16
1350ml cointreau,,16
1400 ml galliano,,16
1400g dry sherry,,16
1400g tawny port,,16
1400g triple sec,,16
1450 g champagne,,16
1450 g light rum,,16
1450 g white rum,,16
1450 ml absinthe,,16
1450 ml aged rum,,16
1450 ml molasses,,16
1450 ml vermouth,,16
150 g dry sherry,,16
150 g punt e mes,,16
150 ml champagne,,16
150 ml cointreau,,16
1500 g raw sugar,,16
1500g amer picon,,16
1500g punt e mes,,16
1500ml amber rum,,16
1500ml applejack,,16
150g heavy cream,,16
150g maple syrup,,16
150ml cold water,,16
150ml punt e mes,,16
150ml whole milk,,16
16 oz sour cream,,16
2 bottle seltzer,,16
2 large ice cube,,16
"2 oz coffee, hot",,16
2 oz dry curacao,,16
2 slice cucumber,,16
2 1/2 leaf basil,,16
2 1/2 oz bourbon,,16
2 1/2 oz cachaca,,16
2 1/2 oz curacao,,16
2 1/2 oz tequila,,16
2 1/2 sugar cube,,16
2 1/2 twist lime,,16
2 1/2 wheel lime,,16
2 1/3 cup aperol,,16
2 1/3 oz bourbon,,16
2 1/3 oz cachaca,,16
2 1/3 oz seltzer,,16
2 1/3 qt seltzer,,16
2 1/4 cup mezcal,,16
2 1/4 cups water,,16
2 1/4 ginger ale,,16
2 1/4 large mint,,16
2 1/4 oz cachaca,,16
2 1/4 oz tequila,,16
2 1/4 tbsp sugar,,16
2 1/8 ginger ale,,16
2 1/8 oz cachaca,,16
2 1/8 oz seltzer,,16
2 1/8 tbsp sugar,,16
2 1/8 tsp cognac,,16
2 2/3 leaf basil,,16
2 2/3 light beer,,16
2 2/3 oz dry gin,,16
2 2/3 oz tequila,,16
2 2/3 sprig mint,,16
2 2/3 wheel lime,,16
2 3/4 cup aperol,,16
2 3/4 large mint,,16
2 3/4 light beer,,16
2 3/4 oz bourbon,,16
2 3/4 oz campari,,16
2 3/4 oz curacao,,16
2 3/4 oz tequila,,16
2 3/4 sprig mint,,16
2 3/4 tbsp sugar,,16
2 3/4 tsp cognac,,16
2 cup cold water,,16
2 ft cheesecloth,,16
2 N2O Cartridges,,16
"2 orange, sliced",,16
2 oz benedictine,,16
2 oz fino sherry,,16
2 oz ginger beer,,16
2 oz lemon juice,,16
2 oz old tom gin,,16
2 oz pear brandy,,16
2 oz rye whiskey,,16
2 slice cucumber,,16
2 sprig rosemary,,16
2 stick cinnamon,,16
2 teaspoons salt,,16
2-3 sprigs thyme,,16
2/3 bottle vodka,,16
2/3 cardamom pod,,16
2/3 cup aged rum,,16
2/3 cup dark rum,,16
2/3 cup hazelnut,,16
2/3 cup ice cube,,16
2/3 cup red wine,,16
2/3 dash bitters,,16
2/3 dash curacao,,16
2/3 in pineapple,,16
"2/3 kiwi, peeled",,16
2/3 orange twist,,16
2/3 oz amber rum,,16
2/3 oz applejack,,16
2/3 oz caperitif,,16
2/3 oz champagne,,16
2/3 oz club soda,,16
2/3 oz cointreau,,16
2/3 oz grenadine,,16
2/3 oz light rum,,16
2/3 oz pineapple,,16
2/3 oz raw sugar,,16
2/3 oz ruby port,,16
2/3 oz white rum,,16
"2/3 peach, cubed",,16
2/3 piece orange,,16
2/3 slice orange,,16
2/3 stick celery,,16
2/3 tbsp chicory,,16
2/3 tsp absinthe,,16
2/3 tsp sea salt,,16
2/3 twist orange,,16
2/3 vanilla bean,,16
2/3 wedge orange,,16
2/3 wheel orange,,16
200 g cold water,,16
24 oz cold water,,16
250 g whole milk,,16
250g old tom gin,,16
250ml dry sherry,,16
3 dash grenadine,,16
3 oz fino sherry,,16
3 oz ginger beer,,16
"3 oz lime, fresh",,16
3 oz rye whiskey,,16
3 1/2 leaf basil,,16
3 1/2 oz campari,,16
3 1/2 oz seltzer,,16
3 1/3 cup almond,,16
3 1/3 cup aperol,,16
3 1/3 cups water,,16
3 1/3 fresh pear,,16
3 1/3 oz apricot,,16
3 1/3 oz bourbon,,16
3 1/3 oz dry gin,,16
3 1/3 oz tequila,,16
3 1/3 qt seltzer,,16
3 1/3 wedge lime,,16
3 1/4 cup almond,,16
3 1/4 oz bourbon,,16
3 1/4 oz cachaca,,16
3 1/4 oz campari,,16
3 1/4 qt seltzer,,16
3 1/8 large mint,,16
3 1/8 leaf basil,,16
3 1/8 oz bourbon,,16
3 1/8 oz campari,,16
3 1/8 oz seltzer,,16
3 1/8 oz tequila,,16
3 1/8 sprig mint,,16
3 1/8 wedge lime,,16
3 2/3 leaf basil,,16
3 2/3 oz cachaca,,16
3 2/3 sprig mint,,16
3 3/4 cup aperol,,16
3 3/4 large mint,,16
3 3/4 leaf basil,,16
3 3/4 oz campari,,16
3 3/4 oz dry gin,,16
3 3/4 oz seltzer,,16
3 3/4 oz tequila,,16
3 3/4 ripe peach,,16
3 cinnamon stick,,16
3 cup cold water,,16
3 cup whole milk,,16
3 oz ginger beer,,16
3 oz rye whiskey,,16
3 oz tonic water,,16
3 slice cucumber,,16
3/4 bottle vodka,,16
3/4 cardamom pod,,16
3/4 cup aged rum,,16
3/4 cup dark rum,,16
3/4 cup hazelnut,,16
3/4 cup ice cube,,16
3/4 cup red wine,,16
3/4 dash bitters,,16
3/4 dash curacao,,16
3/4 in pineapple,,16
"3/4 kiwi, peeled",,16
3/4 orange twist,,16
3/4 oz amber rum,,16
3/4 oz applejack,,16
3/4 oz caperitif,,16
3/4 oz champagne,,16
3/4 oz club soda,,16
3/4 oz cointreau,,16
3/4 oz grenadine,,16
3/4 oz light rum,,16
3/4 oz pineapple,,16
3/4 oz raw sugar,,16
3/4 oz ruby port,,16
3/4 oz white rum,,16
"3/4 peach, cubed",,16
3/4 piece orange,,16
3/4 slice orange,,16
3/4 stick celery,,16
3/4 tbsp chicory,,16
3/4 tsp absinthe,,16
3/4 tsp sea salt,,16
3/4 twist orange,,16
3/4 vanilla bean,,16
3/4 wedge orange,,16
3/4 wheel orange,,16
30 g lactic acid,,16
300 g punt e mes,,16
300 g triple sec,,16
300 ml champagne,,16
300 ml club soda,,16
300 ml cointreau,,16
300 ml grenadine,,16
300g ginger beer,,16
300g old tom gin,,16
300g pear brandy,,16
300ml beet juice,,16
300ml dry sherry,,16
300ml punt e mes,,16
350 g punt e mes,,16
350 g whole milk,,16
350 ml champagne,,16
350 ml light rum,,16
350g ginger beer,,16
350g old tom gin,,16
350g tonic water,,16
350ml becherovka,,16
350ml punt e mes,,16
4 oz honey syrup,,16
4 oz lemon juice,,16
4 oz old tom gin,,16
4 slice cucumber,,16
4 stick cinnamon,,16
4 tbsp egg white,,16
4 tsp rose water,,16
4 wheel cucumber,,16
4 1/2 leaf basil,,16
4 1/2 oz clamato,,16
4 1/2 sugar cube,,16
4 1/2 tbsp sugar,,16
4 1/2 wedge lime,,16
4 1/3 cup scotch,,16
4 1/3 large eggs,,16
4 1/3 oz campari,,16
4 1/3 oz tequila,,16
4 1/3 ripe peach,,16
4 1/3 slice lime,,16
4 1/4 cup almond,,16
4 1/4 cup cognac,,16
4 1/4 drop water,,16
4 1/4 leaf basil,,16
4 1/4 oz bourbon,,16
4 1/4 oz campari,,16
4 1/4 oz tequila,,16
4 1/4 ripe peach,,16
4 1/4 slice lime,,16
4 1/8 cup aperol,,16
4 1/8 oz campari,,16
4 1/8 oz dry gin,,16
4 1/8 oz tequila,,16
4 1/8 pinch salt,,16
4 1/8 splash gin,,16
4 2/3 cup almond,,16
4 2/3 drop water,,16
4 2/3 large eggs,,16
4 2/3 leaf basil,,16
4 2/3 oz tequila,,16
4 2/3 sprig mint,,16
4 3/4 cup scotch,,16
4 3/4 oz campari,,16
4 3/4 oz clamato,,16
4 3/4 oz tequila,,16
4 3/4 splash gin,,16
4 leaf pineapple,,16
4 oz apple cider,,16
"4 oz coffee, hot",,16
4 oz crushed ice,,16
4 oz ginger beer,,16
4 oz rye whiskey,,16
4 stick cinnamon,,16
400 g dry sherry,,16
400 g rose water,,16
400ml spiced rum,,16
450 g becherovka,,16
450 g hard cider,,16
450g lemon juice,,16
450ml hard cider,,16
5 sprig rosemary,,16
5 wheel cucumber,,16
50 g crushed ice,,16
50 ml cold water,,16
50 ml dry sherry,,16
50 ml punt e mes,,16
500 g becherovka,,16
500 g cold water,,16
500 g spiced rum,,16
500g apple cider,,16
500g tonic water,,16
500ml hard cider,,16
500ml triple sec,,16
50g cardamom pod,,16
50g simple syrup,,16
50g tomato juice,,16
50ml apple cider,,16
50ml ginger beer,,16
50ml honey syrup,,16
550 g cold water,,16
550 g triple sec,,16
550g heavy cream,,16
6 oz rye whiskey,,16
6 oz tonic water,,16
6 sprig cilantro,,16
6 sprig rosemary,,16
6 1/2 bay leaves,,16
6 1/2 oz curacao,,16
6 1/2 oz dry gin,,16
6 1/2 oz tequila,,16
6 1/2 tsp pernod,,16
6 1/3 bay leaves,,16
6 1/3 cup almond,,16
6 1/3 cup brandy,,16
6 1/3 oz bourbon,,16
6 1/3 oz cachaca,,16
6 1/3 oz campari,,16
6 1/3 oz seltzer,,16
6 1/3 strawberry,,16
6 1/3 twist lime,,16
6 1/4 oz cachaca,,16
6 1/4 oz whiskey,,16
6 1/4 strawberry,,16
6 1/4 tbsp sugar,,16
6 1/8 large lime,,16
6 1/8 lemon zest,,16
6 1/8 oz aquavit,,16
6 1/8 oz bourbon,,16
6 1/8 oz cachaca,,16
6 1/8 oz campari,,16
6 1/8 oz curacao,,16
6 1/8 oz seltzer,,16
6 1/8 tbsp honey,,16
6 1/8 twist lime,,16
6 2/3 oz cachaca,,16
6 2/3 oz campari,,16
6 2/3 oz whiskey,,16
6 2/3 tbsp honey,,16
6 3/4 cup almond,,16
6 3/4 lemon zest,,16
6 3/4 oz aquavit,,16
6 3/4 oz bourbon,,16
6 3/4 oz seltzer,,16
6 3/4 oz whiskey,,16
6 3/4 tsp pernod,,16
6 oz rye whiskey,,16
6 sprig cilantro,,16
600 g spiced rum,,16
"600 g water, hot",,16
600g dry curacao,,16
600g pear brandy,,16
600ml whole milk,,16
650 ml amber rum,,16
650g apple cider,,16
650g benedictine,,16
650g dry curacao,,16
650g honey syrup,,16
650ml spiced rum,,16
700 g dry sherry,,16
"700 g water, hot",,16
700 ml cointreau,,16
700 ml grenadine,,16
700 ml white rum,,16
700g ginger beer,,16
700g lemon juice,,16
750 g amer picon,,16
750g apple cider,,16
750g crushed ice,,16
750ml rose water,,16
750ml spiced rum,,16
8 oz apple cider,,16
"8 oz coffee, hot",,16
8 sprig rosemary,,16
8 stick cinnamon,,16
"800g lime, fresh",,16
800g rye whiskey,,16
800ml becherovka,,16
800ml rose water,,16
850 g tawny port,,16
850 ml champagne,,16
850g rye whiskey,,16
850ml becherovka,,16
850ml cold water,,16
850ml whole milk,,16
900 g becherovka,,16
900 g spiced rum,,16
900 g whole milk,,16
900 ml raw sugar,,16
900g benedictine,,16
900g dry curacao,,16
900g maple syrup,,16
900ml beet juice,,16
950 g beet juice,,16
950 g whole milk,,16
950 ml white rum,,16
950g ginger beer,,16
950g honey syrup,,16
950g maple syrup,,16
950g old tom gin,,16
950ml amer picon,,16
950ml cold water,,16
950ml whole milk,,16
Chopped cilantro,,16
"egg white, fresh",,16
"flour, as needed",,16
For tomato puree,,16
"honey, as needed",,16
hot chilli sauce,,16
"ice, as required",,16
"oil, as required",,16
Optional: cherry,,16
oz fernet branca,,16
oz whipped cream,,16
Preserved Lemons,,16
red wine vinegar,,16
salt as required,,16
"sugar, as needed",,16
tbsp orange zest,,16
vinegar to serve,,16
"water, as needed",,16
1 cup apple cider,,17
1 cup maple syrup,,17
1 large egg yolks,,17
1 oz agave nectar,,17
1 oz carrot juice,,17
1 oz cherry juice,,17
1 oz dry vermouth,,17
1 oz ginger juice,,17
1 oz simple syrup,,17
1 tbsp lemongrass,,17
1 tsp kosher salt,,17
1 1/2 cup seltzer,,17
1 1/2 oz aged rum,,17
1 1/2 oz dark rum,,17
1 1/2 oz dubonnet,,17
1 1/2 oz galliano,,17
1 1/2 oz ice cube,,17
1 1/2 oz prosecco,,17
1 1/2 oz vermouth,,17
1 1/2 whole clove,,17
1 1/3 cup bourbon,,17
1 1/3 oz aged rum,,17
1 1/3 oz calvados,,17
1 1/3 oz dark rum,,17
1 1/3 oz drambuie,,17
1 1/3 sprig thyme,,17
1 1/4 oz dark rum,,17
1 1/4 oz ice cube,,17
1 1/4 qt ice cube,,17
1 1/8 oz aged rum,,17
1 1/8 oz calvados,,17
1 1/8 oz ice cube,,17
1 1/8 oz molasses,,17
1 2/3 oz dark rum,,17
1 2/3 qt ice cube,,17
1 2/3 slice peach,,17
1 2/3 whole clove,,17
1 3/4 cup bourbon,,17
1 3/4 medium lime,,17
1 3/4 oz aged rum,,17
1 3/4 oz dark rum,,17
1 3/4 oz ice cube,,17
1 3/4 oz molasses,,17
1 3/4 oz prosecco,,17
1 3/4 oz vermouth,,17
1 3/4 sprig thyme,,17
1 brandied cherry,,17
1 cup apple cider,,17
1 cup apple juice,,17
1 cup brown sugar,,17
1 cup crushed ice,,17
1 cup diced onion,,17
1 cup heavy cream,,17
1 cup lemon juice,,17
1 cup lillet rose,,17
1 cup red lentils,,17
1 cup white sugar,,17
1 dash rose water,,17
1 large egg white,,17
1 oz apple brandy,,17
1 oz cardamom pod,,17
1 oz carrot juice,,17
1 oz dry vermouth,,17
"1 oz lemon, fresh",,17
1 oz lillet blanc,,17
1 oz lillet rouge,,17
1 oz simple syrup,,17
1 qt simple syrup,,17
1 recipe atolillo,,17
1 recipe baguette,,17
1 recipe beef pho,,17
1 recipe croutons,,17
1 recipe crumpets,,17
1 recipe focaccia,,17
1 recipe macarons,,17
1 recipe meatloaf,,17
1 recipe okroshka,,17
1 recipe oyakodon,,17
1 recipe rugelach,,17
1 recipe stuffing,,17
1 red bell pepper,,17
1 slice pineapple,,17
1 superfine sugar,,17
1 tablespoon sake,,17
1 tablespoon salt,,17
1 tbsp lemon zest,,17
1 tbsp lemongrass,,17
1 tbsp watercress,,17
1 tsp maple syrup,,17
1 tsp whole clove,,17
1 wedge pineapple,,17
1‚Äâ¬Ω cups water,,17
1/2 bottle scotch,,17
1/2 cup applejack,,17
1/2 cup cranberry,,17
1/2 cup olive oil,,17
1/2 cup raspberry,,17
1/2 cup soy sauce,,17
1/2 dash absinthe,,17
1/2 leaf cilantro,,17
"1/2 lemon, halved",,17
"1/2 lemon, zested",,17
1/2 medium orange,,17
1/2 NO Cartridges,,17
1/2 oz amer picon,,17
1/2 oz becherovka,,17
1/2 oz beet juice,,17
1/2 oz cold water,,17
1/2 oz dry sherry,,17
1/2 oz frangelico,,17
1/2 oz hard cider,,17
1/2 oz lime juice,,17
1/2 oz limoncello,,17
1/2 oz punt e mes,,17
1/2 oz rose water,,17
1/2 oz spiced rum,,17
1/2 oz tawny port,,17
1/2 oz triple sec,,17
"1/2 oz water, hot",,17
1/2 oz whole milk,,17
1/2 pt whole milk,,17
1/2 teaspoon salt,,17
1/2 tsp cointreau,,17
1/2 tsp grenadine,,17
1/2 tsp herbsaint,,17
1/2 tsp hot sauce,,17
1/2 tsp soy sauce,,17
1/3 bottle scotch,,17
1/3 cup applejack,,17
1/3 cup cranberry,,17
1/3 cup ice water,,17
1/3 cup raspberry,,17
1/3 dash absinthe,,17
1/3 leaf cilantro,,17
"1/3 lemon, halved",,17
"1/3 lemon, zested",,17
1/3 medium orange,,17
1/3 NO Cartridges,,17
1/3 oz amer picon,,17
1/3 oz becherovka,,17
1/3 oz beet juice,,17
1/3 oz cold water,,17
1/3 oz dry sherry,,17
1/3 oz frangelico,,17
1/3 oz hard cider,,17
1/3 oz lime juice,,17
1/3 oz limoncello,,17
1/3 oz punt e mes,,17
1/3 oz rose water,,17
1/3 oz spiced rum,,17
1/3 oz tawny port,,17
1/3 oz triple sec,,17
"1/3 oz water, hot",,17
1/3 oz whole milk,,17
1/3 pt whole milk,,17
1/3 tsp cointreau,,17
1/3 tsp grenadine,,17
1/3 tsp herbsaint,,17
1/3 tsp hot sauce,,17
1/3 tsp soy sauce,,17
1/4 bottle scotch,,17
1/4 cup applejack,,17
1/4 cup cranberry,,17
1/4 cup olive oil,,17
1/4 cup pine nuts,,17
1/4 cup raspberry,,17
1/4 cup soy sauce,,17
1/4 dash absinthe,,17
1/4 leaf cilantro,,17
"1/4 lemon, halved",,17
"1/4 lemon, zested",,17
1/4 medium orange,,17
1/4 NO Cartridges,,17
1/4 oz amer picon,,17
1/4 oz becherovka,,17
1/4 oz beet juice,,17
1/4 oz cold water,,17
1/4 oz dry sherry,,17
1/4 oz frangelico,,17
1/4 oz hard cider,,17
1/4 oz lime juice,,17
1/4 oz limoncello,,17
1/4 oz punt e mes,,17
1/4 oz rose water,,17
1/4 oz spiced rum,,17
1/4 oz tawny port,,17
1/4 oz triple sec,,17
"1/4 oz water, hot",,17
1/4 oz whole milk,,17
1/4 pt whole milk,,17
1/4 tsp cointreau,,17
1/4 tsp grenadine,,17
1/4 tsp herbsaint,,17
1/4 tsp hot sauce,,17
1/4 tsp soy sauce,,17
1/8 bottle scotch,,17
1/8 cup applejack,,17
1/8 cup cranberry,,17
1/8 cup raspberry,,17
1/8 dash absinthe,,17
1/8 leaf cilantro,,17
"1/8 lemon, halved",,17
"1/8 lemon, zested",,17
1/8 medium orange,,17
1/8 NO Cartridges,,17
1/8 oz amer picon,,17
1/8 oz becherovka,,17
1/8 oz beet juice,,17
1/8 oz cold water,,17
1/8 oz dry sherry,,17
1/8 oz frangelico,,17
1/8 oz hard cider,,17
1/8 oz lime juice,,17
1/8 oz limoncello,,17
1/8 oz punt e mes,,17
1/8 oz rose water,,17
1/8 oz spiced rum,,17
1/8 oz tawny port,,17
1/8 oz triple sec,,17
"1/8 oz water, hot",,17
1/8 oz whole milk,,17
1/8 pt whole milk,,17
1/8 tsp cointreau,,17
1/8 tsp grenadine,,17
1/8 tsp herbsaint,,17
1/8 tsp hot sauce,,17
1/8 tsp soy sauce,,17
100 g apple cider,,17
"100 g lime, fresh",,17
100 g tonic water,,17
100 ml amer picon,,17
100 ml punt e mes,,17
100 ml rose water,,17
100 ml triple sec,,17
100 ml whole milk,,17
1000 g becherovka,,17
1000 g tawny port,,17
1000 ml applejack,,17
1000 ml raw sugar,,17
1000g apple cider,,17
1000g dry curacao,,17
1000g honey syrup,,17
1000ml dry sherry,,17
1020 g cold water,,17
1050 ml club soda,,17
"1050g lime, fresh",,17
1050g pear brandy,,17
1050ml becherovka,,17
"1050ml water, hot",,17
1100 g punt e mes,,17
1100 ml champagne,,17
1100 ml light rum,,17
1100g old tom gin,,17
1100g tonic water,,17
1150ml becherovka,,17
1150ml whole milk,,17
12 dash cointreau,,17
12 large egg yolk,,17
12 oz apple cider,,17
12 oz benedictine,,17
12 oz ginger beer,,17
12 oz lemon juice,,17
12 oz maple syrup,,17
12 oz mild fernet,,17
12 oz rye whiskey,,17
12 1/2 large eggs,,17
12 1/2 leaf basil,,17
12 1/2 oz apricot,,17
12 1/2 oz campari,,17
12 1/2 oz seltzer,,17
12 1/2 oz vanilla,,17
12 1/2 slice lime,,17
12 1/2 sugar cube,,17
12 1/2 tbsp sugar,,17
12 1/2 tbsp water,,17
12 1/2 tsp pernod,,17
12 1/3 large eggs,,17
12 1/3 oz bourbon,,17
12 1/3 oz dry gin,,17
12 1/3 oz genever,,17
12 1/3 oz tequila,,17
12 1/3 strawberry,,17
12 1/3 sugar cube,,17
12 1/3 tbsp sugar,,17
12 1/4 cup scotch,,17
12 1/4 drop water,,17
12 1/4 fresh pear,,17
12 1/4 oz apricot,,17
12 1/4 oz bourbon,,17
12 1/4 oz tequila,,17
12 1/4 tbsp water,,17
12 1/8 cup scotch,,17
12 1/8 large lime,,17
12 1/8 light beer,,17
12 1/8 oz campari,,17
12 1/8 oz dry gin,,17
12 1/8 oz seltzer,,17
12 1/8 oz tequila,,17
12 1/8 slice lime,,17
12 1/8 strawberry,,17
12 1/8 wheel lime,,17
12 2/3 large eggs,,17
12 2/3 oz bourbon,,17
12 2/3 oz campari,,17
12 2/3 oz seltzer,,17
12 2/3 splash gin,,17
12 2/3 tbsp sugar,,17
12 3/4 fresh pear,,17
12 3/4 leaf basil,,17
12 3/4 light beer,,17
12 3/4 oz campari,,17
12 3/4 oz genever,,17
12 3/4 oz vanilla,,17
12 3/4 splash gin,,17
12 3/4 sugar cube,,17
12 3/4 tbsp honey,,17
12 large egg yolk,,17
1200 g amer picon,,17
1200 ml club soda,,17
1200 ml cointreau,,17
1200 ml grenadine,,17
1200 ml white rum,,17
1200g benedictine,,17
1200g pear brandy,,17
1200g tonic water,,17
1200ml tawny port,,17
1200ml whole milk,,17
1250g benedictine,,17
1250g ginger beer,,17
"1250ml water, hot",,17
1250ml whole milk,,17
1300 g whole milk,,17
1300 ml cointreau,,17
1300 ml white rum,,17
1300g ginger beer,,17
1300g tonic water,,17
1350 g cold water,,17
1350 ml cointreau,,17
1350 ml white rum,,17
1350g apple cider,,17
1350g old tom gin,,17
1350ml punt e mes,,17
1400 g dry sherry,,17
1400 g punt e mes,,17
1400 ml applejack,,17
1400 ml club soda,,17
1400g maple syrup,,17
1400g pear brandy,,17
1400g tonic water,,17
1400ml amer picon,,17
1400ml cold water,,17
1400ml punt e mes,,17
1400ml triple sec,,17
1450 g beet juice,,17
1450 g dry sherry,,17
1450 g rose water,,17
1450 g whole milk,,17
1450 ml white rum,,17
1450g fino sherry,,17
1450g honey syrup,,17
1450g rye whiskey,,17
1450ml dry sherry,,17
150 g old tom gin,,17
150 g pear brandy,,17
150 ml cold water,,17
150 ml spiced rum,,17
1500 g becherovka,,17
1500 g cold water,,17
1500 g dry sherry,,17
1500 ml amber rum,,17
1500 ml grenadine,,17
1500g dry curacao,,17
1500ml becherovka,,17
1500ml cold water,,17
1500ml dry sherry,,17
1500ml punt e mes,,17
150g ginger juice,,17
150g lillet blanc,,17
"150g mango, diced",,17
150g pepper vodka,,17
150ml benedictine,,17
150ml old tom gin,,17
16 oz rye whiskey,,17
2 cup heavy cream,,17
2 oz amaro nonino,,17
2 oz citrus vodka,,17
2 oz dry vermouth,,17
2 oz smoky scotch,,17
2 tsp kosher salt,,17
2 tsp maple syrup,,17
2 1/2 oz aged rum,,17
2 1/2 oz dark rum,,17
2 1/2 oz dubonnet,,17
2 1/2 oz galliano,,17
2 1/2 oz ice cube,,17
2 1/2 slice lemon,,17
2 1/2 sprig thyme,,17
2 1/2 twist lemon,,17
2 1/3 cup seltzer,,17
2 1/3 oz dark rum,,17
2 1/3 oz dubonnet,,17
2 1/3 oz galliano,,17
2 1/3 wedge lemon,,17
2 1/4 oz aged rum,,17
2 1/4 oz amaretto,,17
2 1/4 oz calvados,,17
2 1/4 oz galliano,,17
2 1/4 oz ice cube,,17
2 1/4 slice lemon,,17
2 1/8 oz galliano,,17
2 2/3 cup seltzer,,17
2 2/3 oz aged rum,,17
2 2/3 oz calvados,,17
2 2/3 oz dark rum,,17
2 2/3 wedge lemon,,17
2 3/4 oz aged rum,,17
2 3/4 oz calvados,,17
2 3/4 oz dark rum,,17
2 3/4 oz ice cube,,17
2 3/4 wedge lemon,,17
2 cup apple cider,,17
2 cup heavy cream,,17
2 cups canola oil,,17
2 cups whole milk,,17
2 eggs (optional),,17
2 g powdered agar,,17
2 large egg yolks,,17
"2 lemons, divided",,17
2 oz apple brandy,,17
2 oz citrus vodka,,17
2 oz dry vermouth,,17
2 oz lillet blanc,,17
2 oz madeira wine,,17
2 oz simple syrup,,17
2 oz smoky scotch,,17
2 rooibos tea bag,,17
2 slices of bread,,17
2 teaspoons sugar,,17
2 tsp lemon juice,,17
"2 tsp water, warm",,17
2/3 bottle scotch,,17
2/3 cup applejack,,17
2/3 cup cranberry,,17
2/3 cup raspberry,,17
2/3 cup soy sauce,,17
2/3 dash absinthe,,17
2/3 leaf cilantro,,17
"2/3 lemon, halved",,17
"2/3 lemon, zested",,17
2/3 medium orange,,17
2/3 NO Cartridges,,17
2/3 oz amer picon,,17
2/3 oz becherovka,,17
2/3 oz beet juice,,17
2/3 oz cold water,,17
2/3 oz dry sherry,,17
2/3 oz frangelico,,17
2/3 oz hard cider,,17
2/3 oz lime juice,,17
2/3 oz limoncello,,17
2/3 oz punt e mes,,17
2/3 oz rose water,,17
2/3 oz spiced rum,,17
2/3 oz tawny port,,17
2/3 oz triple sec,,17
"2/3 oz water, hot",,17
2/3 oz whole milk,,17
2/3 pt whole milk,,17
2/3 tsp cointreau,,17
2/3 tsp grenadine,,17
2/3 tsp herbsaint,,17
2/3 tsp hot sauce,,17
2/3 tsp soy sauce,,17
200 g honey syrup,,17
200 g tonic water,,17
200g apple brandy,,17
200g pine liqueur,,17
200g tomato juice,,17
200ml apple cider,,17
200ml crushed ice,,17
200ml pear brandy,,17
24 corn tortillas,,17
250 g ginger beer,,17
250 g pear brandy,,17
250 ml punt e mes,,17
250 ml whole milk,,17
250g apple brandy,,17
250g ginger juice,,17
250g simple syrup,,17
250ml honey syrup,,17
250ml maple syrup,,17
3 cup crushed ice,,17
3 oz coconut milk,,17
3 oz dry prosecco,,17
3 oz dry vermouth,,17
3 oz lillet blanc,,17
"3 oz mango, diced",,17
3 tsp citric acid,,17
"3 tsp water, warm",,17
3 1/2 oz aged rum,,17
3 1/2 oz allspice,,17
3 1/2 oz amaretto,,17
3 1/2 oz vermouth,,17
3 1/2 wedge lemon,,17
3 1/2 whole anise,,17
3 1/3 can clamato,,17
3 1/3 oz aged rum,,17
3 1/3 oz dark rum,,17
3 1/3 oz galliano,,17
3 1/3 oz vermouth,,17
3 1/4 oz aged rum,,17
3 1/4 oz amaretto,,17
3 1/4 oz falernum,,17
3 1/4 oz prosecco,,17
3 1/8 can clamato,,17
3 1/8 drop pernod,,17
3 1/8 oz calvados,,17
3 1/8 oz falernum,,17
3 1/8 oz ice cube,,17
3 1/8 oz vermouth,,17
3 2/3 drop pernod,,17
3 2/3 green olive,,17
3 2/3 lemon twist,,17
3 2/3 oz galliano,,17
3 2/3 oz ice cube,,17
3 2/3 oz vermouth,,17
3 2/3 slice mango,,17
3 2/3 wedge lemon,,17
3 2/3 whole anise,,17
3 3/4 oz aged rum,,17
3 3/4 oz calvados,,17
3 3/4 oz dark rum,,17
3 3/4 oz falernum,,17
3 3/4 oz ice cube,,17
"3 cup water, cold",,17
3 leaf fresh sage,,17
3 oz dry vermouth,,17
"3 oz lemon, fresh",,17
3 slices of bread,,17
3 sprigs rosemary,,17
3/4 bottle scotch,,17
3/4 cup applejack,,17
3/4 cup cranberry,,17
3/4 cup raspberry,,17
3/4 dash absinthe,,17
3/4 leaf cilantro,,17
"3/4 lemon, halved",,17
"3/4 lemon, zested",,17
3/4 medium orange,,17
3/4 NO Cartridges,,17
3/4 oz amer picon,,17
3/4 oz becherovka,,17
3/4 oz beet juice,,17
3/4 oz cold water,,17
3/4 oz dry sherry,,17
3/4 oz frangelico,,17
3/4 oz hard cider,,17
3/4 oz lime juice,,17
3/4 oz limoncello,,17
3/4 oz punt e mes,,17
3/4 oz rose water,,17
3/4 oz spiced rum,,17
3/4 oz tawny port,,17
3/4 oz triple sec,,17
"3/4 oz water, hot",,17
3/4 oz whole milk,,17
3/4 pt whole milk,,17
3/4 tsp cointreau,,17
3/4 tsp grenadine,,17
3/4 tsp herbsaint,,17
3/4 tsp hot sauce,,17
3/4 tsp soy sauce,,17
300 g benedictine,,17
300 g dry curacao,,17
300 g maple syrup,,17
300 ml cold water,,17
300 ml dry sherry,,17
300g dry prosecco,,17
300g ginger juice,,17
300ml ginger beer,,17
350 ml punt e mes,,17
350 ml spiced rum,,17
350ml dry curacao,,17
4 cup crushed ice,,17
4 cup lillet rose,,17
4 oz apple brandy,,17
4 oz dry vermouth,,17
"4 oz lemon, fresh",,17
4 oz pepper vodka,,17
4 oz simple syrup,,17
4 1/2 green olive,,17
4 1/2 lemon twist,,17
4 1/2 oz amaretto,,17
4 1/2 oz drambuie,,17
4 1/2 oz vermouth,,17
4 1/2 qt ice cube,,17
4 1/3 cup campari,,17
4 1/3 cup seltzer,,17
4 1/3 oz aged rum,,17
4 1/3 oz molasses,,17
4 1/3 slice peach,,17
4 1/3 tsp fig jam,,17
4 1/4 crushed ice,,17
4 1/4 cup bourbon,,17
4 1/4 cup seltzer,,17
4 1/4 cup tequila,,17
4 1/4 dash brandy,,17
4 1/4 lb ice cube,,17
4 1/4 oz dark rum,,17
4 1/4 oz vermouth,,17
4 1/4 twist lemon,,17
4 1/4 wheel lemon,,17
4 1/8 cup bourbon,,17
4 1/8 green olive,,17
4 1/8 lemon twist,,17
4 1/8 oz absinthe,,17
4 1/8 oz dark rum,,17
4 1/8 oz ice cube,,17
4 1/8 oz molasses,,17
4 1/8 wedge lemon,,17
4 2/3 lemon twist,,17
4 2/3 oz aged rum,,17
4 2/3 oz amaretto,,17
4 2/3 oz drambuie,,17
4 2/3 oz ice cube,,17
4 2/3 oz vermouth,,17
4 2/3 tsp fig jam,,17
4 2/3 twist lemon,,17
4 2/3 wedge lemon,,17
4 2/3 wheel lemon,,17
4 3/4 cup campari,,17
4 3/4 cup tequila,,17
4 3/4 dash brandy,,17
4 3/4 lemon twist,,17
4 3/4 oz absinthe,,17
4 3/4 oz aged rum,,17
4 3/4 oz falernum,,17
4 3/4 oz ice cube,,17
4 3/4 wedge lemon,,17
4 eggs (optional),,17
4 large egg yolks,,17
4 oz pepper vodka,,17
4 oz tomato juice,,17
4 slices of bread,,17
4 sprigs cilantro,,17
4 wedge tangerine,,17
400 g benedictine,,17
400 g honey syrup,,17
"400 g lime, fresh",,17
400g agave nectar,,17
"400g lemon, fresh",,17
400ml apple cider,,17
400ml ginger beer,,17
400ml pear brandy,,17
400ml tonic water,,17
450 g benedictine,,17
450 g old tom gin,,17
450 g pear brandy,,17
450 ml dry sherry,,17
450 ml hard cider,,17
450 ml triple sec,,17
450g lillet rouge,,17
450g tomato juice,,17
450ml apple cider,,17
450ml rye whiskey,,17
5 slices of bread,,17
50 g citrus vodka,,17
50 g dry vermouth,,17
500 g apple cider,,17
500 g pear brandy,,17
500 g tonic water,,17
"500g mango, diced",,17
500g pine liqueur,,17
500g simple syrup,,17
50g half and half,,17
50g peach liqueur,,17
50g whipped cream,,17
50ml cardamom pod,,17
550 ml cold water,,17
550 ml tawny port,,17
550g ginger juice,,17
550g lillet rouge,,17
550g pepper vodka,,17
550ml dry curacao,,17
550ml heavy cream,,17
6 large egg white,,17
6 oz apple brandy,,17
6 oz dry vermouth,,17
"6 oz lemon, fresh",,17
6 oz lillet blanc,,17
6 oz simple syrup,,17
6 oz tomato juice,,17
6 tsp kosher salt,,17
6 wedge pineapple,,17
6 1/2 medium lime,,17
6 1/2 oz aged rum,,17
6 1/2 oz dark rum,,17
6 1/2 wedge lemon,,17
6 1/3 cup seltzer,,17
6 1/3 oz amaretto,,17
6 1/3 oz galliano,,17
6 1/3 wedge lemon,,17
6 1/4 cup bourbon,,17
6 1/4 medium lime,,17
6 1/4 oz aged rum,,17
6 1/4 oz dark rum,,17
6 1/4 oz falernum,,17
6 1/8 oz ice cube,,17
6 1/8 oz vermouth,,17
6 1/8 sour cherry,,17
6 2/3 oz dark rum,,17
6 2/3 oz dubonnet,,17
6 2/3 oz falernum,,17
6 2/3 oz ice cube,,17
6 2/3 oz vermouth,,17
6 3/4 oz aged rum,,17
6 3/4 oz amaretto,,17
6 3/4 oz dubonnet,,17
6 3/4 oz galliano,,17
6 3/4 oz molasses,,17
6 3/4 sour cherry,,17
6 cherry tomatoes,,17
6 slices of bread,,17
6 sprigs cilantro,,17
600 g rye whiskey,,17
600 ml becherovka,,17
600 ml whole milk,,17
600g apple brandy,,17
600g celery juice,,17
600g lillet blanc,,17
"600g mango, diced",,17
600ml apple cider,,17
600ml benedictine,,17
600ml honey syrup,,17
600ml lemon juice,,17
600ml rye whiskey,,17
650 g ginger beer,,17
650g lillet rouge,,17
"650ml lime, fresh",,17
650ml tonic water,,17
7 slices of bread,,17
700 ml dry sherry,,17
"700g lemon, fresh",,17
700ml apple cider,,17
700ml maple syrup,,17
700ml pear brandy,,17
750 g benedictine,,17
750 g heavy cream,,17
750 g honey syrup,,17
750 g rye whiskey,,17
750 g tonic water,,17
750 ml becherovka,,17
750 ml punt e mes,,17
"750 ml water, hot",,17
750g dry vermouth,,17
750ml apple cider,,17
750ml rye whiskey,,17
750ml tonic water,,17
8 oz coconut milk,,17
8 slices of bread,,17
800 g dry curacao,,17
800 g pear brandy,,17
800 g tonic water,,17
800 ml dry sherry,,17
800 ml rose water,,17
800g apple brandy,,17
800ml maple syrup,,17
850 g apple cider,,17
850 ml beet juice,,17
850 ml cold water,,17
850g lillet blanc,,17
850g lillet rouge,,17
850g smoky scotch,,17
850ml old tom gin,,17
850ml pear brandy,,17
850ml tonic water,,17
900 g maple syrup,,17
900 g tonic water,,17
900 ml becherovka,,17
900 ml cold water,,17
900 ml whole milk,,17
900g apple brandy,,17
900g tomato juice,,17
900ml crushed ice,,17
900ml dry curacao,,17
900ml fino sherry,,17
950 g fino sherry,,17
950 ml beet juice,,17
950g lillet blanc,,17
950g smoky scotch,,17
950ml tonic water,,17
cup half and half,,17
dash simple syrup,,17
Flour for dusting,,17
Optional: oz port,,17
oz apricot brandy,,17
oz ginger liqueur,,17
"pepper, as needed",,17
peychauds bitters,,17
"prosecco, chilled",,17
"salt, as required",,17
tsp grand marnier,,17
water as required,,17
Zest of 1/2 lemon,,17
1 cup simple syrup,,18
1 grapefruit twist,,18
"1 oz cava, chilled",,18
1 oz fernet branca,,18
"1 seltzer, chilled",,18
1 1/2 cup aged rum,,18
1 1/2 cup ice cube,,18
1 1/2 cup red wine,,18
1 1/2 oz applejack,,18
1 1/2 oz light rum,,18
1 1/2 oz ruby port,,18
1 1/2 oz white rum,,18
1 1/2 stick celery,,18
1 1/2 tsp absinthe,,18
1 1/2 twist orange,,18
1 1/2 wheel orange,,18
1 1/3 cup ice cube,,18
1 1/3 oz cointreau,,18
1 1/3 oz light rum,,18
1 1/3 vanilla bean,,18
"1 1/4 kiwi, peeled",,18
1 1/4 oz applejack,,18
1 1/4 oz champagne,,18
1 1/4 oz cointreau,,18
1 1/4 oz light rum,,18
1 1/4 oz ruby port,,18
1 1/4 stick celery,,18
1 1/4 tbsp chicory,,18
1 1/4 tsp sea salt,,18
1 1/8 in pineapple,,18
1 1/8 oz champagne,,18
1 1/8 tsp sea salt,,18
1 1/8 vanilla bean,,18
1 2/3 in pineapple,,18
"1 2/3 kiwi, peeled",,18
1 2/3 oz club soda,,18
1 2/3 oz cointreau,,18
1 2/3 oz ruby port,,18
1 3/4 oz caperitif,,18
1 3/4 oz cointreau,,18
1 3/4 oz ruby port,,18
1 3/4 tbsp chicory,,18
1 3/4 tsp absinthe,,18
1 3/4 twist orange,,18
1 3/4 wheel orange,,18
1 bundle scallions,,18
1 cup coconut milk,,18
1 cup jasmine rice,,18
1 cup simple syrup,,18
1 dash fino sherry,,18
1 dash lemon juice,,18
1 dash pomegranate,,18
"1 egg white, fresh",,18
1 grapefruit twist,,18
1 head cauliflower,,18
"1 jalapeno, sliced",,18
1 large pita bread,,18
"1 lb ginger, fresh",,18
"1 leaf mint, fresh",,18
1 oz amaro sfumato,,18
1 oz gran classico,,18
1 oz grand marnier,,18
1 oz whipped cream,,18
1 pt half and half,,18
1 recipe basil oil,,18
1 recipe chive oil,,18
1 recipe clafoutis,,18
1 recipe colcannon,,18
1 recipe egg salad,,18
1 recipe flapjacks,,18
1 recipe fruitcake,,18
1 recipe grenadine,,18
1 recipe guacamole,,18
1 recipe patacones,,18
1 recipe picadillo,,18
1 recipe pierogies,,18
1 recipe shakshuka,,18
1 recipe shortcake,,18
1 recipe taco meat,,18
1 recipe tuna poke,,18
1 recipe za%27atar,,18
"1 seltzer, chilled",,18
1 slice lemon zest,,18
1 slice strawberry,,18
1 sprig fresh mint,,18
1 star whole anise,,18
1 strip lemon zest,,18
1 tablespoon mirin,,18
1 tablespoon sugar,,18
1 tablespoon water,,18
1 tbsp celery salt,,18
1 tbsp whole anise,,18
1 tbsp whole clove,,18
1 teaspoon paprika,,18
1 teaspoon vanilla,,18
1 tsp simple syrup,,18
1 tsp. kosher salt,,18
1 twist grapefruit,,18
1 wedge grapefruit,,18
1-2 teaspoon cumin,,18
1-inch knob ginger,,18
1/2 bottle bourbon,,18
1/2 bottle seltzer,,18
1/2 candied ginger,,18
1/2 cinnamon stick,,18
1/2 cup buttermilk,,18
1/2 cup canola oil,,18
1/2 cup cold water,,18
1/2 cup corn syrup,,18
1/2 cup cornstarch,,18
1/2 cup fish sauce,,18
1/2 cup fresh mint,,18
1/2 cup lime juice,,18
1/2 cup mayonnaise,,18
1/2 cup punt e mes,,18
1/2 cup triple sec,,18
1/2 cup whole milk,,18
1/2 dash cointreau,,18
1/2 dash grenadine,,18
1/2 ft cheesecloth,,18
1/2 in orange zest,,18
1/2 large egg yolk,,18
1/2 large ice cube,,18
1/2 leaf pineapple,,18
"1/2 orange, sliced",,18
"1/2 orange, zested",,18
1/2 oz apple cider,,18
1/2 oz benedictine,,18
"1/2 oz coffee, hot",,18
1/2 oz crushed ice,,18
1/2 oz dry curacao,,18
1/2 oz fino sherry,,18
1/2 oz ginger beer,,18
1/2 oz heavy cream,,18
1/2 oz honey syrup,,18
1/2 oz lemon juice,,18
"1/2 oz lime, fresh",,18
1/2 oz maple syrup,,18
1/2 oz mild fernet,,18
1/2 oz old tom gin,,18
1/2 oz pear brandy,,18
1/2 oz rye whiskey,,18
1/2 oz tonic water,,18
1/2 pt heavy cream,,18
1/2 slice cucumber,,18
1/2 sprig cilantro,,18
1/2 sprig marjoram,,18
1/2 sprig rosemary,,18
1/2 sprig tarragon,,18
1/2 stick cinnamon,,18
1/2 tbsp egg white,,18
1/2 tbsp lime zest,,18
1/2 tbsp white rum,,18
1/2 teaspoon sugar,,18
1/2 tsp rose water,,18
1/2 tsp triple sec,,18
1/2 tsp whole mace,,18
1/2 wedge cucumber,,18
1/2 wheel cucumber,,18
1/3 bottle bourbon,,18
1/3 bottle seltzer,,18
1/3 candied ginger,,18
1/3 cinnamon stick,,18
1/3 cup buttermilk,,18
1/3 cup cold water,,18
1/3 cup corn syrup,,18
1/3 cup fresh mint,,18
1/3 cup lime juice,,18
1/3 cup peanut oil,,18
1/3 cup punt e mes,,18
1/3 cup triple sec,,18
1/3 cup whole milk,,18
1/3 dash cointreau,,18
1/3 dash grenadine,,18
1/3 ft cheesecloth,,18
1/3 in orange zest,,18
1/3 large egg yolk,,18
1/3 large ice cube,,18
1/3 leaf pineapple,,18
"1/3 orange, sliced",,18
"1/3 orange, zested",,18
1/3 oz apple cider,,18
1/3 oz benedictine,,18
"1/3 oz coffee, hot",,18
1/3 oz crushed ice,,18
1/3 oz dry curacao,,18
1/3 oz fino sherry,,18
1/3 oz ginger beer,,18
1/3 oz heavy cream,,18
1/3 oz honey syrup,,18
1/3 oz lemon juice,,18
"1/3 oz lime, fresh",,18
1/3 oz maple syrup,,18
1/3 oz mild fernet,,18
1/3 oz old tom gin,,18
1/3 oz pear brandy,,18
1/3 oz rye whiskey,,18
1/3 oz tonic water,,18
1/3 pt heavy cream,,18
1/3 slice cucumber,,18
1/3 sprig cilantro,,18
1/3 sprig marjoram,,18
1/3 sprig rosemary,,18
1/3 sprig tarragon,,18
1/3 stick cinnamon,,18
1/3 tbsp egg white,,18
1/3 tbsp lime zest,,18
1/3 tbsp white rum,,18
1/3 tsp rose water,,18
1/3 tsp triple sec,,18
1/3 tsp whole mace,,18
1/3 wedge cucumber,,18
1/3 wheel cucumber,,18
1/4 bottle bourbon,,18
1/4 bottle seltzer,,18
1/4 c. maple syrup,,18
1/4 candied ginger,,18
1/4 cinnamon stick,,18
1/4 cup buttermilk,,18
1/4 cup cold vodka,,18
1/4 cup cold water,,18
1/4 cup corn syrup,,18
1/4 cup cornstarch,,18
1/4 cup fresh mint,,18
1/4 cup lime juice,,18
1/4 cup punt e mes,,18
1/4 cup sesame oil,,18
1/4 cup sour cream,,18
1/4 cup triple sec,,18
1/4 cup whole milk,,18
1/4 dash cointreau,,18
1/4 dash grenadine,,18
1/4 ft cheesecloth,,18
1/4 in orange zest,,18
1/4 large egg yolk,,18
1/4 large ice cube,,18
1/4 leaf pineapple,,18
"1/4 orange, sliced",,18
"1/4 orange, zested",,18
1/4 oz apple cider,,18
1/4 oz benedictine,,18
"1/4 oz coffee, hot",,18
1/4 oz crushed ice,,18
1/4 oz dry curacao,,18
1/4 oz fino sherry,,18
1/4 oz ginger beer,,18
1/4 oz heavy cream,,18
1/4 oz honey syrup,,18
1/4 oz lemon juice,,18
"1/4 oz lime, fresh",,18
1/4 oz maple syrup,,18
1/4 oz mild fernet,,18
1/4 oz old tom gin,,18
1/4 oz pear brandy,,18
1/4 oz rye whiskey,,18
1/4 oz tonic water,,18
1/4 pt heavy cream,,18
1/4 slice cucumber,,18
1/4 sprig cilantro,,18
1/4 sprig marjoram,,18
1/4 sprig rosemary,,18
1/4 sprig tarragon,,18
1/4 stick cinnamon,,18
1/4 tbsp egg white,,18
1/4 tbsp lime zest,,18
1/4 tbsp white rum,,18
1/4 teaspoon sugar,,18
1/4 tsp rose water,,18
1/4 tsp triple sec,,18
1/4 tsp whole mace,,18
1/4 wedge cucumber,,18
1/4 wheel cucumber,,18
1/8 bottle bourbon,,18
1/8 bottle seltzer,,18
1/8 candied ginger,,18
1/8 cinnamon stick,,18
1/8 cup buttermilk,,18
1/8 cup cold water,,18
1/8 cup corn syrup,,18
1/8 cup fresh mint,,18
1/8 cup lime juice,,18
1/8 cup punt e mes,,18
1/8 cup triple sec,,18
1/8 cup whole milk,,18
1/8 dash cointreau,,18
1/8 dash grenadine,,18
1/8 ft cheesecloth,,18
1/8 in orange zest,,18
1/8 large egg yolk,,18
1/8 large ice cube,,18
1/8 leaf pineapple,,18
"1/8 orange, sliced",,18
"1/8 orange, zested",,18
1/8 oz apple cider,,18
1/8 oz benedictine,,18
"1/8 oz coffee, hot",,18
1/8 oz crushed ice,,18
1/8 oz dry curacao,,18
1/8 oz fino sherry,,18
1/8 oz ginger beer,,18
1/8 oz heavy cream,,18
1/8 oz honey syrup,,18
1/8 oz lemon juice,,18
"1/8 oz lime, fresh",,18
1/8 oz maple syrup,,18
1/8 oz mild fernet,,18
1/8 oz old tom gin,,18
1/8 oz pear brandy,,18
1/8 oz rye whiskey,,18
1/8 oz tonic water,,18
1/8 pt heavy cream,,18
1/8 slice cucumber,,18
1/8 sprig cilantro,,18
1/8 sprig marjoram,,18
1/8 sprig rosemary,,18
1/8 sprig tarragon,,18
1/8 stick cinnamon,,18
1/8 tbsp egg white,,18
1/8 tbsp lime zest,,18
1/8 tbsp white rum,,18
1/8 tsp rose water,,18
1/8 tsp triple sec,,18
1/8 tsp whole mace,,18
1/8 wedge cucumber,,18
1/8 wheel cucumber,,18
10 leaf fresh mint,,18
100 g pine liqueur,,18
100 ml crushed ice,,18
100 ml old tom gin,,18
1000 g dry curacao,,18
1000 g ginger beer,,18
1000 g lemon juice,,18
1000 g tonic water,,18
1000 ml tawny port,,18
1000g citrus vodka,,18
1000g lillet blanc,,18
1000g tomato juice,,18
1000ml apple cider,,18
1000ml benedictine,,18
1000ml dry curacao,,18
1000ml ginger beer,,18
1000ml heavy cream,,18
100ml dry vermouth,,18
1050 g rye whiskey,,18
1050 ml spiced rum,,18
1050 ml whole milk,,18
1050g celery juice,,18
1050g pine liqueur,,18
1050g simple syrup,,18
1050ml benedictine,,18
"1050ml lime, fresh",,18
1100 g fino sherry,,18
1100 g honey syrup,,18
1100 g old tom gin,,18
1100 ml punt e mes,,18
1100g apple brandy,,18
1100g cardamom pod,,18
1100g pine liqueur,,18
1100g simple syrup,,18
1100ml lemon juice,,18
1100ml pear brandy,,18
1150 g apple cider,,18
1150 g crushed ice,,18
1150 ml becherovka,,18
1150g agave nectar,,18
1150g lillet blanc,,18
1150g lillet rouge,,18
1150g simple syrup,,18
1150g tomato juice,,18
12 cup heavy cream,,18
12 oz agave nectar,,18
12 oz apple brandy,,18
12 oz celery juice,,18
12 oz dry vermouth,,18
12 oz lillet blanc,,18
12 qt simple syrup,,18
12 tsp lemon juice,,18
12 1/2 can clamato,,18
12 1/2 cup tequila,,18
12 1/2 oz absinthe,,18
12 1/2 oz aged rum,,18
12 1/2 oz dark rum,,18
12 1/2 oz falernum,,18
12 1/2 oz ice cube,,18
12 1/2 oz red wine,,18
12 1/3 kosher salt,,18
12 1/3 lb ice cube,,18
12 1/3 lemon twist,,18
12 1/3 oz aged rum,,18
12 1/3 slice lemon,,18
12 1/4 dash orange,,18
12 1/4 oz calvados,,18
12 1/8 can clamato,,18
12 1/8 oz absinthe,,18
12 1/8 oz aged rum,,18
12 1/8 oz allspice,,18
12 1/8 sour cherry,,18
12 1/8 tbsp brandy,,18
12 2/3 dash orange,,18
12 2/3 kosher salt,,18
12 2/3 oz falernum,,18
12 2/3 oz red wine,,18
12 2/3 whole anise,,18
12 3/4 cup tequila,,18
12 3/4 lemon twist,,18
12 3/4 medium lime,,18
12 3/4 oz aged rum,,18
12 3/4 oz allspice,,18
12 3/4 tbsp brandy,,18
12 medium scallops,,18
1200 g heavy cream,,18
1200 g lemon juice,,18
1200 g pear brandy,,18
1200 ml spiced rum,,18
1200g cardamom pod,,18
1200g citrus vodka,,18
1200ml ginger beer,,18
1250 ml amer picon,,18
"1250g mango, diced",,18
1300 g apple cider,,18
1300 g maple syrup,,18
1300 g old tom gin,,18
1300 ml becherovka,,18
"1300 ml water, hot",,18
1300ml dry curacao,,18
1300ml old tom gin,,18
1350 g dry curacao,,18
1350 g old tom gin,,18
1350 g tonic water,,18
1350g cardamom pod,,18
1350g dry vermouth,,18
1350g ginger juice,,18
1350g simple syrup,,18
1350ml benedictine,,18
1350ml fino sherry,,18
1350ml maple syrup,,18
1350ml old tom gin,,18
1350ml rye whiskey,,18
1350ml tonic water,,18
1400 g apple cider,,18
1400 g benedictine,,18
1400 g dry curacao,,18
1400 g ginger beer,,18
1400 ml whole milk,,18
1400ml dry curacao,,18
1400ml old tom gin,,18
1450 g apple cider,,18
1450 g dry curacao,,18
1450 g ginger beer,,18
1450 g maple syrup,,18
1450 g old tom gin,,18
1450 g rye whiskey,,18
1450 ml dry sherry,,18
1450g lillet rouge,,18
1450g simple syrup,,18
1450ml ginger beer,,18
1450ml honey syrup,,18
1450ml pear brandy,,18
15 oz apple brandy,,18
150 g lillet blanc,,18
150 g pine liqueur,,18
150 ml apple cider,,18
150 ml ginger beer,,18
1500 g apple cider,,18
1500 ml hard cider,,18
1500 ml whole milk,,18
1500g dry prosecco,,18
1500g ginger juice,,18
1500g lillet blanc,,18
1500ml tonic water,,18
150g coconut water,,18
150ml agave nectar,,18
150ml lillet rouge,,18
2 cup cocoa powder,,18
2 cup coconut milk,,18
2 oz peach liqueur,,18
2 oz saint germain,,18
2 slice lemon zest,,18
2 stalk lemongrass,,18
2 tsp simple syrup,,18
2 1/2 oz club soda,,18
2 1/2 oz light rum,,18
2 1/2 oz white rum,,18
2 1/2 tsp absinthe,,18
2 1/3 bottle vodka,,18
2 1/3 oz applejack,,18
2 1/3 oz champagne,,18
2 1/4 cup ice cube,,18
2 1/4 cup red wine,,18
2 1/4 oz applejack,,18
2 1/4 oz club soda,,18
2 1/8 bottle vodka,,18
2 1/8 cup ice cube,,18
2 1/8 in pineapple,,18
2 1/8 oz applejack,,18
2 1/8 oz caperitif,,18
2 1/8 oz cointreau,,18
2 1/8 oz light rum,,18
2 1/8 vanilla bean,,18
2 1/8 wedge orange,,18
2 2/3 dash bitters,,18
2 2/3 oz champagne,,18
2 2/3 oz club soda,,18
2 2/3 oz cointreau,,18
2 2/3 oz light rum,,18
2 3/4 dash bitters,,18
2 3/4 in pineapple,,18
2 3/4 oz applejack,,18
2 3/4 oz caperitif,,18
2 3/4 tsp absinthe,,18
2 dried bay leaves,,18
2 oz coconut water,,18
2 oz fernet branca,,18
2 oz irish whiskey,,18
2 tablespoons miso,,18
2 Taste cane syrup,,18
2 tbsp kosher salt,,18
2 tbsp maple syrup,,18
2 tbsp orange zest,,18
2 tsp mustard seed,,18
2 tsp simple syrup,,18
2 whole bay leaves,,18
2/3 bottle bourbon,,18
2/3 bottle seltzer,,18
2/3 candied ginger,,18
2/3 cinnamon stick,,18
2/3 cup buttermilk,,18
2/3 cup cold water,,18
2/3 cup corn syrup,,18
2/3 cup fresh mint,,18
2/3 cup lime juice,,18
2/3 cup punt e mes,,18
2/3 cup triple sec,,18
2/3 cup whole milk,,18
2/3 dash cointreau,,18
2/3 dash grenadine,,18
2/3 egg (optional),,18
2/3 ft cheesecloth,,18
2/3 in orange zest,,18
2/3 large egg yolk,,18
2/3 large ice cube,,18
2/3 leaf pineapple,,18
"2/3 orange, sliced",,18
"2/3 orange, zested",,18
2/3 oz apple cider,,18
2/3 oz benedictine,,18
"2/3 oz coffee, hot",,18
2/3 oz crushed ice,,18
2/3 oz dry curacao,,18
2/3 oz fino sherry,,18
2/3 oz ginger beer,,18
2/3 oz heavy cream,,18
2/3 oz honey syrup,,18
2/3 oz lemon juice,,18
"2/3 oz lime, fresh",,18
2/3 oz maple syrup,,18
2/3 oz mild fernet,,18
2/3 oz old tom gin,,18
2/3 oz pear brandy,,18
2/3 oz rye whiskey,,18
2/3 oz tonic water,,18
2/3 pt heavy cream,,18
2/3 slice cucumber,,18
2/3 sprig cilantro,,18
2/3 sprig marjoram,,18
2/3 sprig rosemary,,18
2/3 sprig tarragon,,18
2/3 stick cinnamon,,18
2/3 tbsp egg white,,18
2/3 tbsp lime zest,,18
2/3 tbsp white rum,,18
2/3 tsp rose water,,18
2/3 tsp triple sec,,18
2/3 tsp whole mace,,18
2/3 wedge cucumber,,18
2/3 wheel cucumber,,18
200 ml ginger beer,,18
"200 ml lime, fresh",,18
200 ml tonic water,,18
200g whipped cream,,18
200ml lillet rouge,,18
200ml pepper vodka,,18
22 1/2 oz aged rum,,18
250 g pepper vodka,,18
250 g tomato juice,,18
250 ml fino sherry,,18
250 ml rye whiskey,,18
250g grand marnier,,18
250ml apple brandy,,18
250ml celery juice,,18
250ml ginger juice,,18
250ml simple syrup,,18
3 cup simple syrup,,18
3 head cauliflower,,18
"3 jalapeno, sliced",,18
3 oz saint germain,,18
3 star whole anise,,18
3 tbsp kosher salt,,18
3 tbsp whole anise,,18
3 tsp simple syrup,,18
3 1/2 cup dark rum,,18
3 1/2 oz champagne,,18
3 1/2 oz club soda,,18
3 1/3 cup dark rum,,18
3 1/3 cup ice cube,,18
3 1/3 oz club soda,,18
3 1/3 oz grenadine,,18
"3 1/3 peach, cubed",,18
3 1/4 cardamom pod,,18
3 1/4 oz grenadine,,18
3 1/4 oz white rum,,18
3 1/8 cup ice cube,,18
3 1/8 oz champagne,,18
"3 1/8 peach, cubed",,18
3 2/3 cardamom pod,,18
3 2/3 oz grenadine,,18
3 2/3 slice orange,,18
3 3/4 oz grenadine,,18
3 3/4 slice orange,,18
3/4 bottle bourbon,,18
3/4 bottle seltzer,,18
3/4 candied ginger,,18
3/4 cinnamon stick,,18
3/4 cup buttermilk,,18
3/4 cup cold water,,18
3/4 cup corn syrup,,18
3/4 cup fresh mint,,18
3/4 cup lime juice,,18
3/4 cup punt e mes,,18
3/4 cup triple sec,,18
3/4 cup whole milk,,18
3/4 dash cointreau,,18
3/4 dash grenadine,,18
3/4 ft cheesecloth,,18
3/4 in orange zest,,18
3/4 large egg yolk,,18
3/4 large ice cube,,18
3/4 leaf pineapple,,18
"3/4 orange, sliced",,18
"3/4 orange, zested",,18
3/4 oz apple cider,,18
3/4 oz benedictine,,18
"3/4 oz coffee, hot",,18
3/4 oz crushed ice,,18
3/4 oz dry curacao,,18
3/4 oz fino sherry,,18
3/4 oz ginger beer,,18
3/4 oz heavy cream,,18
3/4 oz honey syrup,,18
3/4 oz lemon juice,,18
"3/4 oz lime, fresh",,18
3/4 oz maple syrup,,18
3/4 oz mild fernet,,18
3/4 oz old tom gin,,18
3/4 oz pear brandy,,18
3/4 oz rye whiskey,,18
3/4 oz tonic water,,18
3/4 pt heavy cream,,18
3/4 slice cucumber,,18
3/4 sprig cilantro,,18
3/4 sprig marjoram,,18
3/4 sprig rosemary,,18
3/4 sprig tarragon,,18
3/4 stick cinnamon,,18
3/4 tbsp egg white,,18
3/4 tbsp lime zest,,18
3/4 tbsp white rum,,18
3/4 tsp rose water,,18
3/4 tsp triple sec,,18
3/4 tsp whole mace,,18
3/4 wedge cucumber,,18
3/4 wheel cucumber,,18
30 g tartaric acid,,18
300 g agave nectar,,18
300 g ginger juice,,18
300 g lillet rouge,,18
300 g pepper vodka,,18
300 ml dry curacao,,18
300 ml fino sherry,,18
300 ml honey syrup,,18
300g coconut water,,18
300ml dry prosecco,,18
300ml simple syrup,,18
350 g cardamom pod,,18
350 g smoky scotch,,18
350 ml ginger beer,,18
350 ml pear brandy,,18
350g whipped cream,,18
350ml apple brandy,,18
350ml cardamom pod,,18
350ml lillet blanc,,18
350ml simple syrup,,18
"4 jalapeno, sliced",,18
4 oz fernet branca,,18
4 oz saint germain,,18
"4 seltzer, chilled",,18
4 tsp simple syrup,,18
4 1/2 cup red wine,,18
4 1/2 dash curacao,,18
4 1/2 oz cointreau,,18
4 1/2 oz grenadine,,18
4 1/2 oz light rum,,18
4 1/2 piece orange,,18
4 1/2 twist orange,,18
4 1/3 cardamom pod,,18
4 1/3 cup hazelnut,,18
4 1/3 dash bitters,,18
4 1/3 oz pineapple,,18
4 1/3 stick celery,,18
4 1/3 tsp absinthe,,18
4 1/4 cardamom pod,,18
4 1/4 orange twist,,18
4 1/4 oz club soda,,18
4 1/4 oz grenadine,,18
4 1/4 oz light rum,,18
4 1/4 oz white rum,,18
4 1/4 piece orange,,18
4 1/4 tsp absinthe,,18
4 1/8 bottle vodka,,18
4 1/8 cup red wine,,18
4 1/8 oz amber rum,,18
4 1/8 oz applejack,,18
4 1/8 oz cointreau,,18
4 1/8 oz white rum,,18
4 1/8 tsp absinthe,,18
4 1/8 twist orange,,18
4 1/8 wedge orange,,18
4 2/3 bottle vodka,,18
4 2/3 cup hazelnut,,18
4 2/3 cup ice cube,,18
4 2/3 orange twist,,18
4 2/3 oz white rum,,18
4 3/4 cup ice cube,,18
4 3/4 oz club soda,,18
4 3/4 oz cointreau,,18
4 3/4 oz pineapple,,18
4 3/4 oz ruby port,,18
4 3/4 twist orange,,18
"4 oz cava, chilled",,18
4 oz whipped cream,,18
4 stalk lemongrass,,18
4 star whole anise,,18
4 tbsp orange zest,,18
400 g apple brandy,,18
400 g lillet blanc,,18
"400 g mango, diced",,18
400 g tomato juice,,18
400ml agave nectar,,18
400ml ginger juice,,18
400ml tomato juice,,18
450 g cardamom pod,,18
450 g lillet blanc,,18
450 ml old tom gin,,18
450g peated scotch,,18
450ml smoky scotch,,18
5 cups diced onion,,18
50 ml lillet blanc,,18
500 g apple brandy,,18
500 g simple syrup,,18
500 g tomato juice,,18
500 ml maple syrup,,18
500 ml old tom gin,,18
500 ml pear brandy,,18
500g lillet blonde,,18
500ml pine liqueur,,18
50ml half and half,,18
550 g apple brandy,,18
550 g lillet rouge,,18
550 g tomato juice,,18
550 ml dry curacao,,18
550 ml honey syrup,,18
550 ml pear brandy,,18
550ml apple brandy,,18
550ml ginger juice,,18
550ml lillet blanc,,18
550ml lillet rouge,,18
6 cup simple syrup,,18
6 oz coconut water,,18
6 oz lillet blonde,,18
6 star whole anise,,18
6 strip lemon zest,,18
6 tbsp maple syrup,,18
6 1/2 cup hazelnut,,18
6 1/2 dash bitters,,18
"6 1/2 kiwi, peeled",,18
6 1/2 oz club soda,,18
6 1/2 oz white rum,,18
6 1/2 tbsp chicory,,18
6 1/2 wheel orange,,18
6 1/3 cup hazelnut,,18
6 1/3 oz cointreau,,18
6 1/3 oz grenadine,,18
6 1/3 oz light rum,,18
6 1/3 oz raw sugar,,18
6 1/3 wheel orange,,18
6 1/4 oz club soda,,18
6 1/4 oz grenadine,,18
6 1/8 oz applejack,,18
6 1/8 oz club soda,,18
6 1/8 vanilla bean,,18
6 2/3 tbsp chicory,,18
6 3/4 cup red wine,,18
6 3/4 dash bitters,,18
6 3/4 oz light rum,,18
6 3/4 oz raw sugar,,18
6 3/4 slice orange,,18
6 3/4 vanilla bean,,18
6 3/4 wheel orange,,18
6 oz peated scotch,,18
"6 raspberry, fresh",,18
6 sprig fresh mint,,18
6 strip lemon zest,,18
600 g lillet rouge,,18
600 ml heavy cream,,18
600 ml honey syrup,,18
600ml apple brandy,,18
"600ml lemon, fresh",,18
600ml lillet blanc,,18
650 g dry prosecco,,18
650 g lillet blanc,,18
650 ml ginger beer,,18
650 ml maple syrup,,18
650 ml tonic water,,18
650g half and half,,18
650ml citrus vodka,,18
"650ml lemon, fresh",,18
650ml tomato juice,,18
7 tbsp rye whiskey,,18
700 g lillet blanc,,18
700 ml pear brandy,,18
700 ml rye whiskey,,18
700g fernet branca,,18
700ml apple brandy,,18
700ml celery juice,,18
"700ml mango, diced",,18
700ml smoky scotch,,18
700ml tomato juice,,18
750 g dry prosecco,,18
750 g smoky scotch,,18
750 ml benedictine,,18
750 ml dry curacao,,18
750 ml ginger beer,,18
750 ml heavy cream,,18
750 ml maple syrup,,18
750g gran classico,,18
750ml cardamom pod,,18
750ml dry vermouth,,18
750ml lillet blanc,,18
750ml lillet rouge,,18
"750ml mango, diced",,18
"8 leaf mint, fresh",,18
8 sprig fresh mint,,18
800 g celery juice,,18
"800 g lemon, fresh",,18
"800 g mango, diced",,18
800 g simple syrup,,18
800 ml honey syrup,,18
800g grand marnier,,18
800g lillet blonde,,18
800ml ginger juice,,18
800ml lillet rouge,,18
850 g celery juice,,18
850 g ginger juice,,18
850 g simple syrup,,18
850 ml benedictine,,18
"850 ml lime, fresh",,18
850ml apple brandy,,18
850ml cardamom pod,,18
"850ml mango, diced",,18
850ml pine liqueur,,18
850ml simple syrup,,18
900 g lillet blanc,,18
900 ml apple cider,,18
900 ml benedictine,,18
900 ml tonic water,,18
"900g cava, chilled",,18
900g half and half,,18
900ml tomato juice,,18
950 g lillet rouge,,18
"950 g mango, diced",,18
950 ml lemon juice,,18
950 ml pear brandy,,18
"950ml mango, diced",,18
cup demerara sugar,,18
cup filtered water,,18
"flour, as required",,18
four cloves garlic,,18
fresh black pepper,,18
Freshly made salsa,,18
Gingerbread Syrup:,,18
"honey, as required",,18
"honey, for garnish",,18
Optional: 1 oz rum,,18
Optional: 1 nutmeg,,18
Optional: 1/8 lime,,18
oz apricot liqueur,,18
oz pineapple juice,,18
"sugar, as required",,18
"vinegar, as needed",,18
"water, as required",,18
1 angostura bitters,,19
1 oz blanco tequila,,19
1 oz sparkling wine,,19
1 tsp harissa paste,,19
1 1/2 cup cranberry,,19
1 1/2 oz dry sherry,,19
1 1/2 oz frangelico,,19
1 1/2 oz lime juice,,19
1 1/2 oz punt e mes,,19
1 1/2 oz triple sec,,19
"1 1/2 oz water, hot",,19
1 1/2 tsp grenadine,,19
1 1/3 bottle scotch,,19
1 1/3 oz dry sherry,,19
1 1/3 oz hard cider,,19
1 1/3 oz lime juice,,19
1 1/3 tsp grenadine,,19
1 1/3 tsp hot sauce,,19
1 1/4 cup cranberry,,19
1 1/4 leaf cilantro,,19
"1 1/4 lemon, halved",,19
1 1/4 oz cold water,,19
1 1/4 oz frangelico,,19
1 1/4 pt whole milk,,19
1 1/4 tsp hot sauce,,19
1 1/8 bottle scotch,,19
1 1/8 oz cold water,,19
1 1/8 oz spiced rum,,19
1 1/8 tsp soy sauce,,19
1 2/3 oz hard cider,,19
1 2/3 oz lime juice,,19
1 2/3 oz punt e mes,,19
1 2/3 tsp soy sauce,,19
1 3/4 cup cranberry,,19
1 3/4 oz lime juice,,19
1 3/4 oz spiced rum,,19
"1 3/4 oz water, hot",,19
1 3/4 pt whole milk,,19
1 angostura bitters,,19
1 bottle duvel beer,,19
1 cup (240ml) water,,19
1 cup boiling water,,19
1 cup chicken broth,,19
"1 cup peach, frozen",,19
1 dash simple syrup,,19
"1 ice cube, cracked",,19
"1 in ginger, peeled",,19
1 inch-chunk ginger,,19
1 loaf French bread,,19
1 maraschino cherry,,19
1 ml blanco tequila,,19
"1 orange, quartered",,19
1 oz barolo chinato,,19
1 oz creme de cacao,,19
1 oz dubonnet rouge,,19
1 oz ginger liqueur,,19
"1 oz ginger, peeled",,19
1 oz sweet vermouth,,19
1 peychauds bitters,,19
1 piece orange peel,,19
1 pinch brown sugar,,19
1 pinch kosher salt,,19
1 pinch smoked salt,,19
1 pound frozen peas,,19
1 pound ground lamb,,19
"1 prosecco, chilled",,19
1 qt raw strawberry,,19
"1 qt water, chilled",,19
1 recipe aloo sabzi,,19
1 recipe applesauce,,19
1 recipe beet puree,,19
1 recipe beet salad,,19
1 recipe celery oil,,19
1 recipe crab cakes,,19
1 recipe enchiladas,,19
1 recipe fish stock,,19
1 recipe hamburgers,,19
1 recipe herb salad,,19
1 recipe maki sushi,,19
1 recipe mayonnaise,,19
1 recipe pita bread,,19
1 recipe rice pilaf,,19
1 recipe roast duck,,19
1 recipe sushi rice,,19
1 recipe white roux,,19
1 sheet fillo dough,,19
1 slice apple juice,,19
"1 sprig mint, fresh",,19
1 tablespoon butter,,19
1 tbsp cocoa powder,,19
1 tbsp simple syrup,,19
1 teaspoon cinnamon,,19
1 tsp grand marnier,,19
1 tsp ground ginger,,19
1 tsp harissa paste,,19
1 twist orange zest,,19
1/2 brandied cherry,,19
1/2 cherry tomatoes,,19
1/2 cup apple cider,,19
1/2 cup brown sugar,,19
1/2 cup cashew nuts,,19
1/2 cup celery salt,,19
1/2 cup coffee bean,,19
1/2 cup crushed ice,,19
1/2 cup ginger beer,,19
1/2 cup heavy cream,,19
1/2 cup kosher salt,,19
1/2 cup lemon juice,,19
1/2 cup lillet rose,,19
1/2 cup maple syrup,,19
"1/2 cup water, cold",,19
1/2 cup white sugar,,19
1/2 dash rose water,,19
1/2 large egg white,,19
1/2 large egg yolks,,19
"1/2 lb bread, fresh",,19
1/2 Lb. deli turkey,,19
1/2 leaf fresh mint,,19
1/2 leaf fresh sage,,19
"1/2 lime, quartered",,19
1/2 oz agave nectar,,19
1/2 oz amaro nonino,,19
1/2 oz apple brandy,,19
1/2 oz cardamom pod,,19
1/2 oz carrot juice,,19
1/2 oz celery juice,,19
1/2 oz cherry juice,,19
1/2 oz citrus vodka,,19
1/2 oz coconut milk,,19
1/2 oz dry prosecco,,19
1/2 oz dry vermouth,,19
1/2 oz ginger juice,,19
"1/2 oz lemon, fresh",,19
1/2 oz lillet blanc,,19
1/2 oz lillet rouge,,19
1/2 oz madeira wine,,19
"1/2 oz mango, diced",,19
1/2 oz pepper vodka,,19
1/2 oz pine liqueur,,19
1/2 oz simple syrup,,19
1/2 oz smoky scotch,,19
1/2 oz tomato juice,,19
1/2 qt simple syrup,,19
1/2 rooibos tea bag,,19
1/2 slice pineapple,,19
1/2 superfine sugar,,19
1/2 tbsp lemon zest,,19
1/2 tbsp lemongrass,,19
1/2 tbsp watercress,,19
1/2 teaspoon nutmeg,,19
1/2 tsp benedictine,,19
1/2 tsp celery salt,,19
1/2 tsp citric acid,,19
1/2 tsp kosher salt,,19
1/2 tsp lemon juice,,19
1/2 tsp maple syrup,,19
"1/2 tsp water, warm",,19
1/2 tsp whole anise,,19
1/2 tsp whole clove,,19
1/2 wedge pineapple,,19
1/2 wedge tangerine,,19
1/3 brandied cherry,,19
1/3 cherry tomatoes,,19
1/3 cup apple cider,,19
1/3 cup brown sugar,,19
1/3 cup celery salt,,19
1/3 cup coffee bean,,19
1/3 cup crushed ice,,19
1/3 cup ginger beer,,19
1/3 cup heavy cream,,19
1/3 cup kosher salt,,19
1/3 cup lemon juice,,19
1/3 cup lillet rose,,19
1/3 cup maple syrup,,19
"1/3 cup water, cold",,19
1/3 dash rose water,,19
1/3 large egg white,,19
1/3 large egg yolks,,19
"1/3 lb bread, fresh",,19
1/3 leaf fresh mint,,19
1/3 leaf fresh sage,,19
"1/3 lime, quartered",,19
1/3 oz agave nectar,,19
1/3 oz amaro nonino,,19
1/3 oz apple brandy,,19
1/3 oz cardamom pod,,19
1/3 oz carrot juice,,19
1/3 oz celery juice,,19
1/3 oz cherry juice,,19
1/3 oz citrus vodka,,19
1/3 oz coconut milk,,19
1/3 oz dry prosecco,,19
1/3 oz dry vermouth,,19
1/3 oz ginger juice,,19
"1/3 oz lemon, fresh",,19
1/3 oz lillet blanc,,19
1/3 oz lillet rouge,,19
1/3 oz madeira wine,,19
"1/3 oz mango, diced",,19
1/3 oz pepper vodka,,19
1/3 oz pine liqueur,,19
1/3 oz simple syrup,,19
1/3 oz smoky scotch,,19
1/3 oz tomato juice,,19
1/3 qt simple syrup,,19
1/3 rooibos tea bag,,19
1/3 salt (optional),,19
1/3 slice pineapple,,19
1/3 superfine sugar,,19
1/3 tbsp lemon zest,,19
1/3 tbsp lemongrass,,19
1/3 tbsp watercress,,19
1/3 tsp benedictine,,19
1/3 tsp celery salt,,19
1/3 tsp citric acid,,19
1/3 tsp kosher salt,,19
1/3 tsp lemon juice,,19
1/3 tsp maple syrup,,19
"1/3 tsp water, warm",,19
1/3 tsp whole anise,,19
1/3 tsp whole clove,,19
1/3 wedge pineapple,,19
1/3 wedge tangerine,,19
1/4 brandied cherry,,19
1/4 cherry tomatoes,,19
1/4 cup apple cider,,19
1/4 cup brown sugar,,19
1/4 cup celery salt,,19
1/4 cup coffee bean,,19
1/4 cup crushed ice,,19
1/4 cup ginger beer,,19
1/4 cup heavy cream,,19
1/4 cup kosher salt,,19
1/4 cup lemon juice,,19
1/4 cup lillet rose,,19
1/4 cup maple syrup,,19
"1/4 cup water, cold",,19
1/4 dash rose water,,19
1/4 large egg white,,19
1/4 large egg yolks,,19
"1/4 lb bread, fresh",,19
1/4 leaf fresh mint,,19
1/4 leaf fresh sage,,19
"1/4 lime, quartered",,19
1/4 oz agave nectar,,19
1/4 oz amaro nonino,,19
1/4 oz apple brandy,,19
1/4 oz cardamom pod,,19
1/4 oz carrot juice,,19
1/4 oz celery juice,,19
1/4 oz cherry juice,,19
1/4 oz citrus vodka,,19
1/4 oz coconut milk,,19
1/4 oz dry prosecco,,19
1/4 oz dry vermouth,,19
1/4 oz ginger juice,,19
"1/4 oz lemon, fresh",,19
1/4 oz lillet blanc,,19
1/4 oz lillet rouge,,19
1/4 oz madeira wine,,19
"1/4 oz mango, diced",,19
1/4 oz pepper vodka,,19
1/4 oz pine liqueur,,19
1/4 oz simple syrup,,19
1/4 oz smoky scotch,,19
1/4 oz tomato juice,,19
1/4 qt simple syrup,,19
1/4 rooibos tea bag,,19
1/4 slice pineapple,,19
1/4 superfine sugar,,19
1/4 tbsp lemon zest,,19
1/4 tbsp lemongrass,,19
1/4 tbsp watercress,,19
1/4 teaspoon ginger,,19
1/4 teaspoon nutmeg,,19
1/4 tsp benedictine,,19
1/4 tsp celery salt,,19
1/4 tsp citric acid,,19
1/4 tsp kosher salt,,19
1/4 tsp lemon juice,,19
1/4 tsp maple syrup,,19
"1/4 tsp water, warm",,19
1/4 tsp whole anise,,19
1/4 tsp whole clove,,19
1/4 wedge pineapple,,19
1/4 wedge tangerine,,19
1/8 brandied cherry,,19
1/8 cherry tomatoes,,19
1/8 cup apple cider,,19
1/8 cup brown sugar,,19
1/8 cup celery salt,,19
1/8 cup coffee bean,,19
1/8 cup crushed ice,,19
1/8 cup ginger beer,,19
1/8 cup heavy cream,,19
1/8 cup kosher salt,,19
1/8 cup lemon juice,,19
1/8 cup lillet rose,,19
1/8 cup maple syrup,,19
"1/8 cup water, cold",,19
1/8 dash rose water,,19
1/8 large egg white,,19
1/8 large egg yolks,,19
"1/8 lb bread, fresh",,19
1/8 leaf fresh mint,,19
1/8 leaf fresh sage,,19
"1/8 lime, quartered",,19
1/8 oz agave nectar,,19
1/8 oz amaro nonino,,19
1/8 oz apple brandy,,19
1/8 oz cardamom pod,,19
1/8 oz carrot juice,,19
1/8 oz celery juice,,19
1/8 oz cherry juice,,19
1/8 oz citrus vodka,,19
1/8 oz coconut milk,,19
1/8 oz dry prosecco,,19
1/8 oz dry vermouth,,19
1/8 oz ginger juice,,19
"1/8 oz lemon, fresh",,19
1/8 oz lillet blanc,,19
1/8 oz lillet rouge,,19
1/8 oz madeira wine,,19
"1/8 oz mango, diced",,19
1/8 oz pepper vodka,,19
1/8 oz pine liqueur,,19
1/8 oz simple syrup,,19
1/8 oz smoky scotch,,19
1/8 oz tomato juice,,19
1/8 qt simple syrup,,19
1/8 rooibos tea bag,,19
1/8 slice pineapple,,19
1/8 superfine sugar,,19
1/8 tbsp lemon zest,,19
1/8 tbsp lemongrass,,19
1/8 tbsp watercress,,19
1/8 tsp benedictine,,19
1/8 tsp celery salt,,19
1/8 tsp citric acid,,19
1/8 tsp kosher salt,,19
1/8 tsp lemon juice,,19
1/8 tsp maple syrup,,19
"1/8 tsp water, warm",,19
1/8 tsp whole anise,,19
1/8 tsp whole clove,,19
1/8 wedge pineapple,,19
1/8 wedge tangerine,,19
"10 leaf mint, fresh",,19
100 g coconut water,,19
100 g saint germain,,19
100 g whipped cream,,19
100 ml simple syrup,,19
1000 g apple brandy,,19
1000 g cardamom pod,,19
1000 g lillet rouge,,19
1000 ml apple cider,,19
1000 ml maple syrup,,19
1000 ml old tom gin,,19
1000g gran classico,,19
100g cherry heering,,19
100g ginger liqueur,,19
100g sparkling wine,,19
100ml gran classico,,19
100ml whipped cream,,19
1050 g cardamom pod,,19
1050 g simple syrup,,19
1050 ml benedictine,,19
1050 ml dry curacao,,19
1050ml lillet blanc,,19
1100 ml old tom gin,,19
1100g gran classico,,19
1100g grand marnier,,19
1100g half and half,,19
1100g irish whiskey,,19
1100g peated scotch,,19
1150 g apple brandy,,19
1150 g simple syrup,,19
1150 ml old tom gin,,19
1150 ml pear brandy,,19
1150 ml rye whiskey,,19
1150g fernet branca,,19
1150ml pine liqueur,,19
1150ml simple syrup,,19
1150ml tomato juice,,19
12 head cauliflower,,19
12 sprig fresh mint,,19
12 star whole anise,,19
12 tbsp orange zest,,19
12 tbsp rye whiskey,,19
12 1/2 cup aged rum,,19
12 1/2 cup dark rum,,19
12 1/2 dash curacao,,19
12 1/2 orange twist,,19
12 1/2 oz club soda,,19
12 1/2 oz white rum,,19
12 1/2 piece orange,,19
12 1/2 tsp absinthe,,19
12 1/3 dash bitters,,19
12 1/3 oz amber rum,,19
12 1/3 oz applejack,,19
12 1/3 oz cointreau,,19
12 1/3 oz white rum,,19
12 1/3 piece orange,,19
12 1/3 tsp absinthe,,19
12 1/3 vanilla bean,,19
12 1/4 cup dark rum,,19
12 1/4 orange twist,,19
12 1/4 oz champagne,,19
12 1/4 oz club soda,,19
12 1/4 oz cointreau,,19
12 1/4 oz light rum,,19
"12 1/4 peach, cubed",,19
12 1/4 tsp absinthe,,19
12 1/4 tsp sea salt,,19
12 1/8 dash bitters,,19
12 1/8 oz amber rum,,19
12 1/8 oz club soda,,19
12 1/8 oz pineapple,,19
12 1/8 oz white rum,,19
"12 1/8 peach, cubed",,19
12 1/8 tsp absinthe,,19
12 1/8 tsp sea salt,,19
12 1/8 twist orange,,19
12 2/3 dash bitters,,19
12 2/3 dash curacao,,19
12 2/3 oz club soda,,19
12 2/3 oz pineapple,,19
12 2/3 oz white rum,,19
12 2/3 twist orange,,19
12 3/4 cup aged rum,,19
12 3/4 cup ice cube,,19
12 3/4 dash bitters,,19
12 3/4 oz amber rum,,19
12 3/4 oz cointreau,,19
12 3/4 oz light rum,,19
12 3/4 oz white rum,,19
12 3/4 tsp sea salt,,19
12 3/4 twist orange,,19
1200 g ginger juice,,19
1200 g simple syrup,,19
1200 ml apple cider,,19
1200g irish whiskey,,19
1200g peach liqueur,,19
1200ml ginger juice,,19
1200ml lillet blanc,,19
1200ml simple syrup,,19
1250 g agave nectar,,19
"1250 g lemon, fresh",,19
1250 g pine liqueur,,19
1250 g tomato juice,,19
1250 ml apple cider,,19
1250 ml tonic water,,19
1250ml simple syrup,,19
1300 g ginger juice,,19
1300 ml apple cider,,19
1300g peach liqueur,,19
1300ml dry prosecco,,19
1300ml lillet blanc,,19
1300ml pepper vodka,,19
1350 ml benedictine,,19
1350 ml crushed ice,,19
1350 ml lemon juice,,19
1350 ml tonic water,,19
1350g saint germain,,19
1400 g citrus vodka,,19
1400 g ginger juice,,19
1400 g tomato juice,,19
1400g half and half,,19
1450 g dry vermouth,,19
"1450 g mango, diced",,19
1450 ml apple cider,,19
1450 ml dry curacao,,19
1450 ml ginger beer,,19
1450 ml tonic water,,19
"1450g cava, chilled",,19
1450g grand marnier,,19
1450g half and half,,19
1450g whipped cream,,19
1450ml lillet blanc,,19
"15 leaf mint, fresh",,19
150 g half and half,,19
150 ml cardamom pod,,19
150 ml lillet blanc,,19
150 ml simple syrup,,19
1500 g ginger juice,,19
1500 g lillet rouge,,19
1500 ml rye whiskey,,19
1500g gran classico,,19
1500g saint germain,,19
1500ml citrus vodka,,19
1500ml lillet rouge,,19
1500ml tomato juice,,19
150g blanco tequila,,19
150g sparkling wine,,19
150g walnut liqueur,,19
150ml grand marnier,,19
2 cup concord grape,,19
2 in cinnamon stick,,19
2 maraschino cherry,,19
2 oz barolo chinato,,19
"2 oz celery, sliced",,19
2 oz creme de cacao,,19
2 oz dry white wine,,19
2 oz dubonnet rouge,,19
2 oz orange curacao,,19
2 1/2 NO Cartridges,,19
2 1/2 oz punt e mes,,19
2 1/2 oz triple sec,,19
2 1/2 tsp grenadine,,19
2 1/3 oz limoncello,,19
2 1/3 oz rose water,,19
2 1/3 tsp grenadine,,19
2 1/4 cup cranberry,,19
2 1/4 cup raspberry,,19
2 1/4 oz punt e mes,,19
2 1/4 oz rose water,,19
2 1/8 cup raspberry,,19
2 1/8 oz becherovka,,19
2 1/8 pt whole milk,,19
2 1/8 tsp herbsaint,,19
2 2/3 cup cranberry,,19
2 2/3 dash absinthe,,19
2 2/3 oz triple sec,,19
2 2/3 pt whole milk,,19
2 3/4 dash absinthe,,19
2 3/4 oz becherovka,,19
2 3/4 oz limoncello,,19
2 3/4 tsp herbsaint,,19
2 bundles scallions,,19
2 cup chicken stock,,19
2 cups baby spinach,,19
2 dash mole bitters,,19
2 oz blanco tequila,,19
2 oz ginger liqueur,,19
2 oz sparkling wine,,19
2 oz sweet vermouth,,19
2 oz white vermouth,,19
2 quarts peanut oil,,19
2 tablespoons flour,,19
2 tablespoons sugar,,19
2 Tbsp cream cheese,,19
2 to 3 sprigs thyme,,19
2 tsp cinchona bark,,19
2 tsp grand marnier,,19
2-3 avocados sliced,,19
2-3 tomatoes sliced,,19
2/3 brandied cherry,,19
2/3 cherry tomatoes,,19
2/3 cup apple cider,,19
2/3 cup brown sugar,,19
2/3 cup celery salt,,19
2/3 cup coffee bean,,19
2/3 cup crushed ice,,19
2/3 cup ginger beer,,19
2/3 cup heavy cream,,19
2/3 cup kosher salt,,19
2/3 cup lemon juice,,19
2/3 cup lillet rose,,19
2/3 cup maple syrup,,19
"2/3 cup water, cold",,19
2/3 dash rose water,,19
2/3 large egg white,,19
2/3 large egg yolks,,19
"2/3 lb bread, fresh",,19
2/3 leaf fresh mint,,19
2/3 leaf fresh sage,,19
"2/3 lime, quartered",,19
2/3 oz agave nectar,,19
2/3 oz amaro nonino,,19
2/3 oz apple brandy,,19
2/3 oz cardamom pod,,19
2/3 oz carrot juice,,19
2/3 oz celery juice,,19
2/3 oz cherry juice,,19
2/3 oz citrus vodka,,19
2/3 oz coconut milk,,19
2/3 oz dry prosecco,,19
2/3 oz dry vermouth,,19
2/3 oz ginger juice,,19
"2/3 oz lemon, fresh",,19
2/3 oz lillet blanc,,19
2/3 oz lillet rouge,,19
2/3 oz madeira wine,,19
"2/3 oz mango, diced",,19
2/3 oz pepper vodka,,19
2/3 oz pine liqueur,,19
2/3 oz simple syrup,,19
2/3 oz smoky scotch,,19
2/3 oz tomato juice,,19
2/3 qt simple syrup,,19
2/3 rooibos tea bag,,19
2/3 slice pineapple,,19
2/3 superfine sugar,,19
2/3 tbsp lemon zest,,19
2/3 tbsp lemongrass,,19
2/3 tbsp watercress,,19
2/3 tsp benedictine,,19
2/3 tsp celery salt,,19
2/3 tsp citric acid,,19
2/3 tsp kosher salt,,19
2/3 tsp lemon juice,,19
2/3 tsp maple syrup,,19
"2/3 tsp water, warm",,19
2/3 tsp whole anise,,19
2/3 tsp whole clove,,19
2/3 wedge pineapple,,19
2/3 wedge tangerine,,19
"20 leaf sage, fresh",,19
200 g grand marnier,,19
200 ml lillet blanc,,19
"200 ml mango, diced",,19
200g blanco tequila,,19
200g dubonnet rouge,,19
200g ginger liqueur,,19
200ml irish whiskey,,19
250 g lillet blonde,,19
250 g whipped cream,,19
250 ml dry vermouth,,19
250ml saint germain,,19
3 cup chicken stock,,19
3 earl grey tea bag,,19
3 oz barolo chinato,,19
3 oz ginger liqueur,,19
"3 oz ginger, peeled",,19
3 oz mango schnapps,,19
3 oz orange curacao,,19
3 1/2 oz amer picon,,19
3 1/2 oz frangelico,,19
"3 1/2 oz water, hot",,19
3 1/2 tsp soy sauce,,19
3 1/3 oz beet juice,,19
3 1/3 oz limoncello,,19
3 1/3 oz tawny port,,19
3 1/3 oz triple sec,,19
"3 1/3 oz water, hot",,19
3 1/4 oz frangelico,,19
3 1/4 tsp hot sauce,,19
3 1/8 oz beet juice,,19
3 1/8 oz punt e mes,,19
3 1/8 oz triple sec,,19
3 1/8 tsp herbsaint,,19
3 1/8 tsp hot sauce,,19
3 1/8 tsp soy sauce,,19
"3 2/3 lemon, zested",,19
3 2/3 oz amer picon,,19
3 2/3 oz lime juice,,19
3 2/3 oz punt e mes,,19
3 2/3 oz whole milk,,19
"3 3/4 lemon, zested",,19
3 3/4 oz beet juice,,19
3 3/4 oz lime juice,,19
3 3/4 oz tawny port,,19
3 3/4 oz whole milk,,19
3 oz blanco tequila,,19
3 oz dry white wine,,19
3 oz ginger liqueur,,19
3 oz rose champagne,,19
3 oz sparkling wine,,19
3 oz sweet vermouth,,19
"3 oz water, boiling",,19
3 tablespoons mirin,,19
3 tablespoons sugar,,19
3/4 brandied cherry,,19
3/4 cherry tomatoes,,19
3/4 cup apple cider,,19
3/4 cup brown sugar,,19
3/4 cup celery salt,,19
3/4 cup coffee bean,,19
3/4 cup crushed ice,,19
3/4 cup ginger beer,,19
3/4 cup heavy cream,,19
3/4 cup kosher salt,,19
3/4 cup lemon juice,,19
3/4 cup lillet rose,,19
3/4 cup maple syrup,,19
"3/4 cup water, cold",,19
3/4 dash rose water,,19
3/4 large egg white,,19
3/4 large egg yolks,,19
"3/4 lb bread, fresh",,19
3/4 leaf fresh mint,,19
3/4 leaf fresh sage,,19
"3/4 lime, quartered",,19
3/4 oz agave nectar,,19
3/4 oz amaro nonino,,19
3/4 oz apple brandy,,19
3/4 oz cardamom pod,,19
3/4 oz carrot juice,,19
3/4 oz celery juice,,19
3/4 oz cherry juice,,19
3/4 oz citrus vodka,,19
3/4 oz coconut milk,,19
3/4 oz dry prosecco,,19
3/4 oz dry vermouth,,19
3/4 oz ginger juice,,19
"3/4 oz lemon, fresh",,19
3/4 oz lillet blanc,,19
3/4 oz lillet rouge,,19
3/4 oz madeira wine,,19
"3/4 oz mango, diced",,19
3/4 oz pepper vodka,,19
3/4 oz pine liqueur,,19
3/4 oz simple syrup,,19
3/4 oz smoky scotch,,19
3/4 oz tomato juice,,19
3/4 qt simple syrup,,19
3/4 rooibos tea bag,,19
3/4 slice pineapple,,19
3/4 superfine sugar,,19
3/4 tbsp lemon zest,,19
3/4 tbsp lemongrass,,19
3/4 tbsp watercress,,19
3/4 tsp benedictine,,19
3/4 tsp celery salt,,19
3/4 tsp citric acid,,19
3/4 tsp kosher salt,,19
3/4 tsp lemon juice,,19
3/4 tsp maple syrup,,19
"3/4 tsp water, warm",,19
3/4 tsp whole anise,,19
3/4 tsp whole clove,,19
3/4 wedge pineapple,,19
3/4 wedge tangerine,,19
300 g peated scotch,,19
300 ml apple brandy,,19
300g apricot brandy,,19
300g blanco tequila,,19
300g creme de cacao,,19
300g white vermouth,,19
"350 ml lemon, fresh",,19
350g dubonnet rouge,,19
"350g ginger, peeled",,19
"350g water, boiling",,19
350ml whipped cream,,19
4 cup chicken stock,,19
4 cup half and half,,19
4 oz blanco tequila,,19
4 oz sparkling wine,,19
"4 oz water, boiling",,19
4 pinch smoked salt,,19
4 slice apple juice,,19
"4 sprig mint, fresh",,19
4 1/2 dash absinthe,,19
4 1/2 oz lime juice,,19
4 1/2 tsp cointreau,,19
4 1/3 dash absinthe,,19
4 1/3 oz dry sherry,,19
4 1/3 tsp cointreau,,19
4 1/3 tsp hot sauce,,19
4 1/4 medium orange,,19
4 1/4 oz punt e mes,,19
"4 1/4 oz water, hot",,19
4 1/8 dash absinthe,,19
4 1/8 oz amer picon,,19
4 1/8 oz dry sherry,,19
4 2/3 cup cranberry,,19
4 2/3 oz dry sherry,,19
4 2/3 oz punt e mes,,19
"4 2/3 oz water, hot",,19
4 2/3 tsp hot sauce,,19
4 3/4 cup cranberry,,19
4 3/4 dash absinthe,,19
4 3/4 medium orange,,19
4 3/4 oz amer picon,,19
4 3/4 oz dry sherry,,19
4 cherry (optional),,19
4 earl grey tea bag,,19
4 ears shucked corn,,19
4 in cinnamon stick,,19
"4 leaf basil, fresh",,19
4 maraschino cherry,,19
400 g gran classico,,19
400g sparkling wine,,19
"400g water, boiling",,19
400ml lillet blonde,,19
400ml peated scotch,,19
450 g half and half,,19
450 ml lillet blanc,,19
450g blanco tequila,,19
450ml gran classico,,19
50 g blanco tequila,,19
50 ml coconut water,,19
500 ml smoky scotch,,19
500g blanco tequila,,19
500g creme de cacao,,19
500g white vermouth,,19
500ml grand marnier,,19
500ml half and half,,19
50g coconut seltzer,,19
"50ml ginger, peeled",,19
550 g half and half,,19
550 g peach liqueur,,19
550 ml citrus vodka,,19
550 ml smoky scotch,,19
550 ml tomato juice,,19
550g blanco tequila,,19
550g orange curacao,,19
550g rose champagne,,19
550ml saint germain,,19
"6 cup water, heated",,19
6 oz dubonnet rouge,,19
6 oz orange curacao,,19
6 oz sweet vermouth,,19
"6 oz water, boiling",,19
6 pinch brown sugar,,19
"6 qt water, chilled",,19
6 tbsp cocoa powder,,19
6 1/2 cup applejack,,19
6 1/2 oz lime juice,,19
6 1/2 oz triple sec,,19
"6 1/2 oz water, hot",,19
6 1/2 tsp hot sauce,,19
6 1/3 bottle scotch,,19
6 1/3 cup applejack,,19
6 1/3 tsp hot sauce,,19
6 1/4 dash absinthe,,19
"6 1/4 lemon, zested",,19
6 1/4 oz punt e mes,,19
6 1/4 oz triple sec,,19
6 1/8 cup raspberry,,19
6 1/8 oz hard cider,,19
6 1/8 oz lime juice,,19
6 1/8 oz punt e mes,,19
6 1/8 oz rose water,,19
6 1/8 oz triple sec,,19
6 2/3 bottle scotch,,19
6 2/3 dash absinthe,,19
"6 2/3 lemon, zested",,19
"6 2/3 oz water, hot",,19
6 2/3 oz whole milk,,19
6 2/3 tsp hot sauce,,19
6 3/4 oz hard cider,,19
6 3/4 oz triple sec,,19
6 3/4 oz whole milk,,19
6 floz orange juice,,19
6 oz blanco tequila,,19
"6 oz celery, sliced",,19
6 oz cherry heering,,19
6 tablespoons vodka,,19
"600 ml mango, diced",,19
600 ml simple syrup,,19
600g creme de cacao,,19
600g mango schnapps,,19
600ml fernet branca,,19
650 g fernet branca,,19
650 ml ginger juice,,19
650 ml lillet blanc,,19
650 ml pine liqueur,,19
650 ml tomato juice,,19
650g sparkling wine,,19
650ml coconut water,,19
700 g lillet blonde,,19
700g creme de cacao,,19
700g ginger liqueur,,19
700g walnut liqueur,,19
700ml peach liqueur,,19
700ml peated scotch,,19
750 g irish whiskey,,19
750 ml cardamom pod,,19
750 ml citrus vodka,,19
750 ml lillet rouge,,19
750g white vermouth,,19
750ml coconut water,,19
800 g grand marnier,,19
800 ml apple brandy,,19
800 ml lillet blanc,,19
800 ml simple syrup,,19
800g blanco tequila,,19
800g sparkling wine,,19
800g sweet vermouth,,19
"800g water, boiling",,19
800ml whipped cream,,19
850 g irish whiskey,,19
850 g peach liqueur,,19
850 ml pine liqueur,,19
"850g celery, sliced",,19
"850g ginger, peeled",,19
850g white vermouth,,19
850ml gran classico,,19
850ml grand marnier,,19
9 oz blanco tequila,,19
900 g gran classico,,19
900 g half and half,,19
900 g saint germain,,19
900 ml ginger juice,,19
900 ml lillet rouge,,19
900 ml simple syrup,,19
900 ml tomato juice,,19
900g blanco tequila,,19
900g creme de cacao,,19
900ml fernet branca,,19
"950 g cava, chilled",,19
950 g coconut water,,19
950 ml cardamom pod,,19
950 ml lillet rouge,,19
"950 ml mango, diced",,19
950g sparkling wine,,19
"950g water, boiling",,19
950g white vermouth,,19
950ml grand marnier,,19
950ml peach liqueur,,19
About 1/3 cup water,,19
cup creme de cassis,,19
Ketchup and mustard,,19
mayonnaise to taste,,19
Napa cabbage leaves,,19
Optional: in orange,,19
Optional: tsp agave,,19
Optional: tsp water,,19
oz cocchi americano,,19
oz green chartreuse,,19
oz montenegro amaro,,19
oz orange marmalade,,19
oz reposado tequila,,19
"pepper, as required",,19
Sour cream to serve,,19
tbsp demerara sugar,,19
tbsp sweet vermouth,,19
Toppings (go wild!),,19
Toppings as desired,,19
1 slice orange juice,,20
1 tsp sherry vinegar,,20
1 1/2 cinnamon stick,,20
1 1/2 cup corn syrup,,20
1 1/2 oz apple cider,,20
1 1/2 oz benedictine,,20
1 1/2 oz heavy cream,,20
1 1/2 oz honey syrup,,20
1 1/2 oz lemon juice,,20
1 1/2 oz old tom gin,,20
1 1/2 oz pear brandy,,20
1 1/2 oz rye whiskey,,20
1 1/2 oz tonic water,,20
1 1/2 pt heavy cream,,20
1 1/2 sprig cilantro,,20
1 1/2 tbsp lime zest,,20
1 1/3 cinnamon stick,,20
1 1/3 ft cheesecloth,,20
1 1/3 oz honey syrup,,20
1 1/3 oz lemon juice,,20
1 1/3 oz old tom gin,,20
1 1/3 oz pear brandy,,20
1 1/3 oz rye whiskey,,20
1 1/3 pt heavy cream,,20
1 1/3 sprig cilantro,,20
1 1/3 sprig marjoram,,20
1 1/3 sprig rosemary,,20
1 1/3 tsp whole mace,,20
1 1/4 cup lime juice,,20
1 1/4 oz heavy cream,,20
1 1/4 oz honey syrup,,20
1 1/4 oz tonic water,,20
1 1/4 slice cucumber,,20
1 1/4 sprig rosemary,,20
1 1/4 stick cinnamon,,20
1 1/4 tsp whole mace,,20
1 1/8 cup corn syrup,,20
1 1/8 in orange zest,,20
1 1/8 large ice cube,,20
"1 1/8 orange, zested",,20
1 1/8 oz benedictine,,20
1 1/8 oz lemon juice,,20
1 1/8 oz rye whiskey,,20
1 1/8 sprig marjoram,,20
1 1/8 tsp triple sec,,20
1 2/3 in orange zest,,20
1 2/3 oz honey syrup,,20
1 2/3 oz mild fernet,,20
1 2/3 oz pear brandy,,20
1 2/3 sprig rosemary,,20
1 2/3 tbsp lime zest,,20
1 2/3 tsp triple sec,,20
1 3/4 cup whole milk,,20
1 3/4 large ice cube,,20
1 3/4 oz apple cider,,20
1 3/4 oz fino sherry,,20
1 3/4 oz tonic water,,20
1 3/4 slice cucumber,,20
1 3/4 sprig rosemary,,20
1 3/4 stick cinnamon,,20
"1 club soda, chilled",,20
"1 cup cherry, pitted",,20
1 cup demerara sugar,,20
1 cup dry white wine,,20
1 cup semolina flour,,20
1 cup sparkling wine,,20
"1 cup water, boiling",,20
1 dash grand marnier,,20
1 dash lemon bitters,,20
1 large orange twist,,20
"1 oz club soda, cold",,20
1 oz Jameson whiskey,,20
1 oz pineapple juice,,20
1 pinch chile powder,,20
1 pound beef brisket,,20
1 recipe arroz caldo,,20
1 recipe caldo verde,,20
1 recipe chai masala,,20
1 recipe greek salad,,20
1 recipe hot borscht,,20
1 recipe lemon syrup,,20
1 recipe lime pickle,,20
1 recipe milk sorbet,,20
1 recipe panna cotta,,20
1 recipe pasta dough,,20
1 recipe peanut rice,,20
1 recipe pizza sauce,,20
1 recipe pumpkin pie,,20
1 recipe quick salsa,,20
1 recipe rhubarb pie,,20
1 recipe saag paneer,,20
1 recipe sloppy joes,,20
1 recipe vegan chili,,20
1 slice orange juice,,20
1 slice small orange,,20
1 small garlic clove,,20
"1 small lime, zested",,20
1 teaspoon fine salt,,20
1 teaspoon rice wine,,20
1 teaspoon soy sauce,,20
1 tsp orange bitters,,20
1 tsp whole allspice,,20
1 tsp. baking powder,,20
"1/2 cinnamon, grated",,20
1/2 cup apple brandy,,20
1/2 cup cocoa powder,,20
1/2 cup coconut milk,,20
1/2 cup Greek yogurt,,20
1/2 cup hoisin sauce,,20
1/2 cup pear liqueur,,20
1/2 cup rice vinegar,,20
1/2 cup simple syrup,,20
1/2 cup tahini paste,,20
1/2 dash fino sherry,,20
1/2 dash lemon juice,,20
1/2 dash pomegranate,,20
"1/2 egg white, fresh",,20
1/2 grapefruit twist,,20
1/2 head cauliflower,,20
"1/2 jalapeno, sliced",,20
"1/2 lb ginger, fresh",,20
1/2 Lb. Swiss cheese,,20
"1/2 leaf mint, fresh",,20
"1/2 leaf sage, fresh",,20
1/2 oz amaro sfumato,,20
"1/2 oz cava, chilled",,20
1/2 oz coconut water,,20
1/2 oz fernet branca,,20
1/2 oz gran classico,,20
1/2 oz grand marnier,,20
1/2 oz half and half,,20
1/2 oz honey liqueur,,20
1/2 oz irish whiskey,,20
1/2 oz lillet blonde,,20
1/2 oz peach liqueur,,20
1/2 oz peated scotch,,20
1/2 oz saint germain,,20
1/2 oz whipped cream,,20
1/2 pt half and half,,20
"1/2 raspberry, fresh",,20
"1/2 seltzer, chilled",,20
1/2 slice lemon zest,,20
1/2 slice strawberry,,20
1/2 sprig fresh mint,,20
1/2 stalk lemongrass,,20
1/2 star whole anise,,20
1/2 strip lemon zest,,20
1/2 Taste cane syrup,,20
1/2 tbsp celery salt,,20
1/2 tbsp kosher salt,,20
1/2 tbsp maple syrup,,20
1/2 tbsp orange zest,,20
1/2 tbsp rye whiskey,,20
1/2 tbsp whole anise,,20
1/2 tbsp whole clove,,20
1/2 tsp mustard seed,,20
1/2 tsp simple syrup,,20
1/2 tsp. baking soda,,20
1/2 twist grapefruit,,20
1/2 wedge grapefruit,,20
"1/3 cinnamon, grated",,20
1/3 cup apple brandy,,20
1/3 cup bread crumbs,,20
1/3 cup cocoa powder,,20
1/3 cup coconut milk,,20
1/3 cup hoisin sauce,,20
1/3 cup pear liqueur,,20
1/3 cup simple syrup,,20
1/3 dash fino sherry,,20
1/3 dash lemon juice,,20
1/3 dash pomegranate,,20
"1/3 egg white, fresh",,20
1/3 grapefruit twist,,20
1/3 head cauliflower,,20
"1/3 jalapeno, sliced",,20
"1/3 lb ginger, fresh",,20
"1/3 leaf mint, fresh",,20
"1/3 leaf sage, fresh",,20
1/3 olive (optional),,20
1/3 oz amaro sfumato,,20
"1/3 oz cava, chilled",,20
1/3 oz coconut water,,20
1/3 oz fernet branca,,20
1/3 oz gran classico,,20
1/3 oz grand marnier,,20
1/3 oz half and half,,20
1/3 oz honey liqueur,,20
1/3 oz irish whiskey,,20
1/3 oz lillet blonde,,20
1/3 oz peach liqueur,,20
1/3 oz peated scotch,,20
1/3 oz saint germain,,20
1/3 oz whipped cream,,20
1/3 pt half and half,,20
"1/3 raspberry, fresh",,20
"1/3 seltzer, chilled",,20
1/3 slice lemon zest,,20
1/3 slice strawberry,,20
1/3 sprig fresh mint,,20
1/3 stalk lemongrass,,20
1/3 star whole anise,,20
1/3 strip lemon zest,,20
1/3 Taste cane syrup,,20
1/3 tbsp celery salt,,20
1/3 tbsp kosher salt,,20
1/3 tbsp maple syrup,,20
1/3 tbsp orange zest,,20
1/3 tbsp rye whiskey,,20
1/3 tbsp whole anise,,20
1/3 tbsp whole clove,,20
1/3 tsp mustard seed,,20
1/3 tsp simple syrup,,20
1/3 twist grapefruit,,20
1/3 wedge grapefruit,,20
"1/4 cinnamon, grated",,20
1/4 cup apple brandy,,20
1/4 cup cocoa powder,,20
1/4 cup coconut milk,,20
1/4 cup oyster sauce,,20
1/4 cup pear liqueur,,20
1/4 cup simple syrup,,20
1/4 dash fino sherry,,20
1/4 dash lemon juice,,20
1/4 dash pomegranate,,20
"1/4 egg white, fresh",,20
1/4 grapefruit twist,,20
1/4 head cauliflower,,20
"1/4 jalapeno, sliced",,20
"1/4 lb ginger, fresh",,20
"1/4 leaf mint, fresh",,20
"1/4 leaf sage, fresh",,20
1/4 oz amaro sfumato,,20
"1/4 oz cava, chilled",,20
1/4 oz coconut water,,20
1/4 oz fernet branca,,20
1/4 oz gran classico,,20
1/4 oz grand marnier,,20
1/4 oz half and half,,20
1/4 oz honey liqueur,,20
1/4 oz irish whiskey,,20
1/4 oz lillet blonde,,20
1/4 oz peach liqueur,,20
1/4 oz peated scotch,,20
1/4 oz saint germain,,20
1/4 oz whipped cream,,20
1/4 pt half and half,,20
"1/4 raspberry, fresh",,20
"1/4 seltzer, chilled",,20
1/4 slice lemon zest,,20
1/4 slice strawberry,,20
1/4 sprig fresh mint,,20
1/4 stalk lemongrass,,20
1/4 star whole anise,,20
1/4 strip lemon zest,,20
1/4 Taste cane syrup,,20
1/4 tbsp celery salt,,20
1/4 tbsp kosher salt,,20
1/4 tbsp maple syrup,,20
1/4 tbsp orange zest,,20
1/4 tbsp rye whiskey,,20
1/4 tbsp whole anise,,20
1/4 tbsp whole clove,,20
1/4 tsp mustard seed,,20
1/4 tsp simple syrup,,20
1/4 twist grapefruit,,20
1/4 wedge grapefruit,,20
"1/8 cinnamon, grated",,20
1/8 cup apple brandy,,20
1/8 cup cocoa powder,,20
1/8 cup coconut milk,,20
1/8 cup pear liqueur,,20
1/8 cup simple syrup,,20
1/8 dash fino sherry,,20
1/8 dash lemon juice,,20
1/8 dash pomegranate,,20
"1/8 egg white, fresh",,20
1/8 grapefruit twist,,20
1/8 head cauliflower,,20
"1/8 jalapeno, sliced",,20
"1/8 lb ginger, fresh",,20
"1/8 leaf mint, fresh",,20
"1/8 leaf sage, fresh",,20
1/8 oz amaro sfumato,,20
"1/8 oz cava, chilled",,20
1/8 oz coconut water,,20
1/8 oz fernet branca,,20
1/8 oz gran classico,,20
1/8 oz grand marnier,,20
1/8 oz half and half,,20
1/8 oz honey liqueur,,20
1/8 oz irish whiskey,,20
1/8 oz lillet blonde,,20
1/8 oz peach liqueur,,20
1/8 oz peated scotch,,20
1/8 oz saint germain,,20
1/8 oz whipped cream,,20
1/8 pt half and half,,20
"1/8 raspberry, fresh",,20
"1/8 seltzer, chilled",,20
1/8 slice lemon zest,,20
1/8 slice strawberry,,20
1/8 sprig fresh mint,,20
1/8 stalk lemongrass,,20
1/8 star whole anise,,20
1/8 strip lemon zest,,20
1/8 Taste cane syrup,,20
1/8 tbsp celery salt,,20
1/8 tbsp kosher salt,,20
1/8 tbsp maple syrup,,20
1/8 tbsp orange zest,,20
1/8 tbsp rye whiskey,,20
1/8 tbsp whole anise,,20
1/8 tbsp whole clove,,20
1/8 tsp mustard seed,,20
1/8 tsp simple syrup,,20
1/8 twist grapefruit,,20
1/8 wedge grapefruit,,20
100 g apricot brandy,,20
100 g blanco tequila,,20
100 g white vermouth,,20
100 ml gran classico,,20
1000 ml agave nectar,,20
1000 ml cardamom pod,,20
1000 ml dry prosecco,,20
1000 ml simple syrup,,20
"1000g water, boiling",,20
1000ml half and half,,20
1000ml lillet blonde,,20
100g Jameson whiskey,,20
100ml creme de cacao,,20
100ml sweet vermouth,,20
100ml white vermouth,,20
1050 g gran classico,,20
1050 g peach liqueur,,20
1050 ml tomato juice,,20
1050g blanco tequila,,20
1050g ginger liqueur,,20
1050g orange curacao,,20
1050g white vermouth,,20
1050ml gran classico,,20
1100 g peated scotch,,20
1100 g whipped cream,,20
1100 ml lillet blanc,,20
1100 ml pepper vodka,,20
1100 ml pine liqueur,,20
1100 ml simple syrup,,20
1100g cherry heering,,20
"1100g ginger, peeled",,20
1100ml gran classico,,20
1100ml peach liqueur,,20
1150 g grand marnier,,20
1150 g peach liqueur,,20
1150 ml apple brandy,,20
1150 ml ginger juice,,20
1150g creme de cacao,,20
"1150g ginger, peeled",,20
1150ml peach liqueur,,20
"12 bottle cognac, ml",,20
12 floz orange juice,,20
"12 in ginger, peeled",,20
12 oz apricot brandy,,20
12 oz ginger liqueur,,20
"12 oz ginger, peeled",,20
12 oz sweet vermouth,,20
12 1/2 cup applejack,,20
12 1/2 leaf cilantro,,20
12 1/2 oz dry sherry,,20
12 1/2 oz lime juice,,20
12 1/2 oz punt e mes,,20
"12 1/2 oz water, hot",,20
12 1/3 cup applejack,,20
12 1/3 oz becherovka,,20
12 1/3 oz lime juice,,20
12 1/3 oz triple sec,,20
12 1/4 dash absinthe,,20
12 1/4 oz beet juice,,20
12 1/4 oz dry sherry,,20
12 1/4 oz punt e mes,,20
12 1/4 tsp hot sauce,,20
12 1/8 dash absinthe,,20
12 1/8 NO Cartridges,,20
12 2/3 medium orange,,20
12 2/3 oz dry sherry,,20
"12 2/3 oz water, hot",,20
12 3/4 medium orange,,20
12 3/4 oz becherovka,,20
12 3/4 oz dry sherry,,20
12 3/4 oz punt e mes,,20
12 3/4 oz tawny port,,20
12 3/4 oz triple sec,,20
12 3/4 tsp hot sauce,,20
1200 g half and half,,20
"1200 ml lemon, fresh",,20
1200 ml simple syrup,,20
1200g rose champagne,,20
"1200g water, boiling",,20
"1250 g cava, chilled",,20
1250 g gran classico,,20
1250 ml lillet rouge,,20
1250g ginger liqueur,,20
1250ml gran classico,,20
1300 ml agave nectar,,20
1300 ml apple brandy,,20
1300 ml celery juice,,20
1300 ml ginger juice,,20
1300 ml lillet blanc,,20
1300 ml lillet rouge,,20
1300 ml pepper vodka,,20
1300g mango schnapps,,20
"1300g water, boiling",,20
1300g white vermouth,,20
1300ml whipped cream,,20
1350 ml celery juice,,20
1350 ml pine liqueur,,20
1350 ml tomato juice,,20
"1350ml cava, chilled",,20
1400 g grand marnier,,20
1400 ml ginger juice,,20
"1400g celery, sliced",,20
1400g ginger liqueur,,20
1450 g fernet branca,,20
1450 g gran classico,,20
1450 g half and half,,20
1450 ml dry prosecco,,20
1450 ml lillet rouge,,20
1450g rose champagne,,20
"1450g water, boiling",,20
"1450ml cava, chilled",,20
1450ml half and half,,20
150 g ginger liqueur,,20
150 g sparkling wine,,20
150 ml coconut water,,20
150 ml grand marnier,,20
150 ml whipped cream,,20
1500 g gran classico,,20
1500 g whipped cream,,20
1500 ml dry vermouth,,20
"1500 ml mango, diced",,20
1500g apricot brandy,,20
1500g rose champagne,,20
1500g sweet vermouth,,20
1500g white vermouth,,20
1500ml half and half,,20
1500ml irish whiskey,,20
150g evaporated milk,,20
150ml blanco tequila,,20
150ml sweet vermouth,,20
"150ml water, boiling",,20
"16 oz water, boiling",,20
2 cup apple schnapps,,20
2 oz creme de menthe,,20
2 oz fresh egg white,,20
2 pod green cardamom,,20
2 tsp dried lavender,,20
2 tsp whole allspice,,20
2 1/2 cup buttermilk,,20
2 1/2 cup cold water,,20
2 1/2 large egg yolk,,20
"2 1/2 oz coffee, hot",,20
2 1/2 oz dry curacao,,20
2 1/2 oz pear brandy,,20
2 1/2 oz rye whiskey,,20
2 1/2 sprig rosemary,,20
2 1/2 tsp triple sec,,20
2 1/3 cup cold water,,20
2 1/3 large ice cube,,20
2 1/3 oz honey syrup,,20
2 1/3 oz old tom gin,,20
2 1/3 oz pear brandy,,20
2 1/3 oz rye whiskey,,20
2 1/3 slice cucumber,,20
2 1/3 sprig cilantro,,20
2 1/3 stick cinnamon,,20
2 1/3 tbsp white rum,,20
2 1/4 cup buttermilk,,20
2 1/4 cup fresh mint,,20
2 1/4 cup punt e mes,,20
2 1/4 oz honey syrup,,20
2 1/4 oz old tom gin,,20
2 1/4 oz pear brandy,,20
2 1/4 tsp rose water,,20
2 1/8 cup fresh mint,,20
2 1/8 cup punt e mes,,20
"2 1/8 orange, sliced",,20
2 1/8 oz dry curacao,,20
2 1/8 oz ginger beer,,20
2 1/8 oz pear brandy,,20
2 1/8 oz rye whiskey,,20
2 1/8 wedge cucumber,,20
2 2/3 cup corn syrup,,20
2 2/3 large egg yolk,,20
"2 2/3 oz coffee, hot",,20
2 2/3 oz ginger beer,,20
2 2/3 oz pear brandy,,20
2 2/3 sprig rosemary,,20
2 2/3 tsp rose water,,20
2 2/3 wedge cucumber,,20
2 3/4 bottle seltzer,,20
2 3/4 cup corn syrup,,20
"2 3/4 orange, sliced",,20
"2 3/4 oz coffee, hot",,20
2 3/4 oz dry curacao,,20
2 3/4 sprig cilantro,,20
2 3/4 stick cinnamon,,20
2 3/4 tbsp white rum,,20
2 3/4 tsp triple sec,,20
2 cups (480ml) water,,20
2 cups chicken broth,,20
2 dash fernet branca,,20
2 ounces ground pork,,20
2 oz pineapple juice,,20
2 slices white bread,,20
2 star crushed anise,,20
"2 strawberry, halved",,20
2 tablespoons butter,,20
2 tablespoons chives,,20
2 teaspoons turmeric,,20
2 tsp cherry heering,,20
"2/3 cinnamon, grated",,20
2/3 cup apple brandy,,20
2/3 cup cocoa powder,,20
2/3 cup coconut milk,,20
2/3 cup pear liqueur,,20
2/3 cup simple syrup,,20
2/3 dash fino sherry,,20
2/3 dash lemon juice,,20
2/3 dash pomegranate,,20
"2/3 egg white, fresh",,20
2/3 grapefruit twist,,20
2/3 head cauliflower,,20
"2/3 jalapeno, sliced",,20
"2/3 lb ginger, fresh",,20
"2/3 leaf mint, fresh",,20
"2/3 leaf sage, fresh",,20
2/3 oz amaro sfumato,,20
"2/3 oz cava, chilled",,20
2/3 oz coconut water,,20
2/3 oz fernet branca,,20
2/3 oz gran classico,,20
2/3 oz grand marnier,,20
2/3 oz half and half,,20
2/3 oz honey liqueur,,20
2/3 oz irish whiskey,,20
2/3 oz lillet blonde,,20
2/3 oz peach liqueur,,20
2/3 oz peated scotch,,20
2/3 oz saint germain,,20
2/3 oz whipped cream,,20
2/3 pt half and half,,20
"2/3 raspberry, fresh",,20
"2/3 seltzer, chilled",,20
2/3 slice lemon zest,,20
2/3 slice strawberry,,20
2/3 sprig fresh mint,,20
2/3 stalk lemongrass,,20
2/3 star whole anise,,20
2/3 strip lemon zest,,20
2/3 Taste cane syrup,,20
2/3 tbsp celery salt,,20
2/3 tbsp kosher salt,,20
2/3 tbsp maple syrup,,20
2/3 tbsp orange zest,,20
2/3 tbsp rye whiskey,,20
2/3 tbsp whole anise,,20
2/3 tbsp whole clove,,20
2/3 tsp mustard seed,,20
2/3 tsp simple syrup,,20
2/3 twist grapefruit,,20
2/3 wedge grapefruit,,20
"200 g celery, sliced",,20
200 g dubonnet rouge,,20
200 g ginger liqueur,,20
"200 g ginger, peeled",,20
200 ml grand marnier,,20
200 ml peated scotch,,20
200g apricot liqueur,,20
200ml rose champagne,,20
"200ml water, boiling",,20
250 g ginger liqueur,,20
250 g mango schnapps,,20
250 ml grand marnier,,20
"250ml celery, sliced",,20
250ml ginger liqueur,,20
250ml mango schnapps,,20
250ml white vermouth,,20
3 cup ( grams) water,,20
"3 cup cherry, pitted",,20
"3 cup water, boiling",,20
3 oz fresh egg white,,20
3 oz grapefruit soda,,20
3 slice orange juice,,20
3 tsp orange bitters,,20
3 1/2 cup cold water,,20
3 1/2 dash grenadine,,20
3 1/2 oz benedictine,,20
"3 1/2 oz lime, fresh",,20
3 1/2 slice cucumber,,20
3 1/2 sprig rosemary,,20
3 1/2 tbsp white rum,,20
3 1/3 dash cointreau,,20
3 1/3 in orange zest,,20
"3 1/3 oz coffee, hot",,20
3 1/3 oz fino sherry,,20
3 1/3 oz lemon juice,,20
3 1/3 oz pear brandy,,20
3 1/3 oz rye whiskey,,20
3 1/4 bottle bourbon,,20
3 1/4 cup cold water,,20
3 1/4 in orange zest,,20
3 1/4 oz benedictine,,20
3 1/4 oz ginger beer,,20
3 1/4 oz pear brandy,,20
3 1/4 oz rye whiskey,,20
3 1/4 stick cinnamon,,20
3 1/8 bottle bourbon,,20
3 1/8 cup buttermilk,,20
3 1/8 dash cointreau,,20
"3 1/8 oz coffee, hot",,20
3 1/8 oz fino sherry,,20
3 1/8 oz ginger beer,,20
3 1/8 oz lemon juice,,20
"3 1/8 oz lime, fresh",,20
3 1/8 oz rye whiskey,,20
3 1/8 tbsp white rum,,20
3 2/3 oz crushed ice,,20
"3 2/3 oz lime, fresh",,20
3 2/3 stick cinnamon,,20
3 3/4 cup buttermilk,,20
3 3/4 oz crushed ice,,20
3 3/4 oz ginger beer,,20
3 3/4 slice cucumber,,20
3 3/4 sprig rosemary,,20
3 cups chicken broth,,20
3 dash lemon bitters,,20
3 ounces ground pork,,20
3 oz coconut seltzer,,20
3 slit green chilies,,20
"3 sprig thyme, fresh",,20
"3/4 cinnamon, grated",,20
3/4 cup apple brandy,,20
3/4 cup cocoa powder,,20
3/4 cup coconut milk,,20
3/4 cup pear liqueur,,20
3/4 cup simple syrup,,20
3/4 cups corn starch,,20
3/4 dash fino sherry,,20
3/4 dash lemon juice,,20
3/4 dash pomegranate,,20
"3/4 egg white, fresh",,20
3/4 grapefruit twist,,20
3/4 head cauliflower,,20
"3/4 jalapeno, sliced",,20
"3/4 lb ginger, fresh",,20
"3/4 leaf mint, fresh",,20
"3/4 leaf sage, fresh",,20
3/4 olive (optional),,20
3/4 oz amaro sfumato,,20
"3/4 oz cava, chilled",,20
3/4 oz coconut water,,20
3/4 oz fernet branca,,20
3/4 oz gran classico,,20
3/4 oz grand marnier,,20
3/4 oz half and half,,20
3/4 oz honey liqueur,,20
3/4 oz irish whiskey,,20
3/4 oz lillet blonde,,20
3/4 oz peach liqueur,,20
3/4 oz peated scotch,,20
3/4 oz saint germain,,20
3/4 oz whipped cream,,20
3/4 pt half and half,,20
"3/4 raspberry, fresh",,20
"3/4 seltzer, chilled",,20
3/4 slice lemon zest,,20
3/4 slice strawberry,,20
3/4 sprig fresh mint,,20
3/4 stalk lemongrass,,20
3/4 star whole anise,,20
3/4 strip lemon zest,,20
3/4 Taste cane syrup,,20
3/4 tbsp celery salt,,20
3/4 tbsp kosher salt,,20
3/4 tbsp maple syrup,,20
3/4 tbsp orange zest,,20
3/4 tbsp rye whiskey,,20
3/4 tbsp whole anise,,20
3/4 tbsp whole clove,,20
3/4 teaspoon paprika,,20
3/4 tsp mustard seed,,20
3/4 tsp simple syrup,,20
3/4 twist grapefruit,,20
3/4 wedge grapefruit,,20
300 g blanco tequila,,20
300 g sweet vermouth,,20
300ml ginger liqueur,,20
"300ml ginger, peeled",,20
300ml orange curacao,,20
350 g mango schnapps,,20
350 g sparkling wine,,20
350 g white vermouth,,20
350 ml fernet branca,,20
350ml blanco tequila,,20
350ml sparkling wine,,20
"4 cup water, boiling",,20
4 oz apricot liqueur,,20
4 oz creme de cassis,,20
4 oz pineapple juice,,20
4 pinch chile powder,,20
"4 strawberry, halved",,20
4 tsp orange bitters,,20
4 1/2 large egg yolk,,20
4 1/2 oz apple cider,,20
4 1/2 oz ginger beer,,20
4 1/2 oz honey syrup,,20
4 1/2 oz lemon juice,,20
4 1/2 oz rye whiskey,,20
4 1/2 oz tonic water,,20
4 1/2 sprig cilantro,,20
4 1/2 stick cinnamon,,20
4 1/3 bottle seltzer,,20
4 1/3 leaf pineapple,,20
4 1/3 oz heavy cream,,20
4 1/3 oz lemon juice,,20
4 1/3 tsp rose water,,20
4 1/4 bottle seltzer,,20
4 1/4 candied ginger,,20
4 1/4 large egg yolk,,20
4 1/4 leaf pineapple,,20
4 1/4 oz apple cider,,20
4 1/4 oz benedictine,,20
4 1/4 oz lemon juice,,20
4 1/4 oz tonic water,,20
4 1/4 stick cinnamon,,20
4 1/4 wheel cucumber,,20
4 1/8 oz apple cider,,20
4 1/8 oz benedictine,,20
4 1/8 oz ginger beer,,20
"4 1/8 oz lime, fresh",,20
4 1/8 oz pear brandy,,20
4 1/8 oz rye whiskey,,20
4 1/8 slice cucumber,,20
4 1/8 sprig cilantro,,20
4 1/8 wheel cucumber,,20
4 2/3 oz lemon juice,,20
"4 2/3 oz lime, fresh",,20
4 2/3 oz rye whiskey,,20
4 2/3 tbsp egg white,,20
4 3/4 candied ginger,,20
4 3/4 oz ginger beer,,20
4 3/4 oz heavy cream,,20
4 3/4 oz lemon juice,,20
4 3/4 oz old tom gin,,20
4 3/4 oz pear brandy,,20
"4 cup water, boiling",,20
4 cups chicken stock,,20
4 oz grapefruit soda,,20
4 sprigs fresh thyme,,20
4 tablespoons butter,,20
"400 g ginger, peeled",,20
400g coconut seltzer,,20
400ml blanco tequila,,20
400ml dubonnet rouge,,20
400ml rose champagne,,20
400ml sparkling wine,,20
"400ml water, boiling",,20
400ml white vermouth,,20
450 g ginger liqueur,,20
450 g orange curacao,,20
450 g sparkling wine,,20
450 ml whipped cream,,20
450ml blanco tequila,,20
450ml creme de cacao,,20
450ml walnut liqueur,,20
5 oz pineapple juice,,20
50 ml dubonnet rouge,,20
50 ml sweet vermouth,,20
500 g rose champagne,,20
500 g sparkling wine,,20
500 ml gran classico,,20
500 ml grand marnier,,20
500 ml half and half,,20
500g coconut seltzer,,20
500g Jameson whiskey,,20
500ml blanco tequila,,20
50g allspice bitters,,20
50g drinking vinegar,,20
550 ml whipped cream,,20
550g apricot liqueur,,20
550g Jameson whiskey,,20
550g pineapple juice,,20
550ml rose champagne,,20
550ml white vermouth,,20
6 cup ( grams) water,,20
6 dash lemon bitters,,20
6 oz cava (optional),,20
6 oz creme de menthe,,20
6 oz pineapple juice,,20
6 1/2 cup triple sec,,20
6 1/2 oz fino sherry,,20
6 1/2 oz old tom gin,,20
6 1/2 sprig rosemary,,20
6 1/3 oz benedictine,,20
6 1/3 oz heavy cream,,20
6 1/3 oz lemon juice,,20
6 1/3 oz rye whiskey,,20
6 1/4 bottle bourbon,,20
6 1/4 cinnamon stick,,20
6 1/4 cup triple sec,,20
6 1/4 cup whole milk,,20
6 1/4 oz lemon juice,,20
6 1/4 oz old tom gin,,20
6 1/4 oz rye whiskey,,20
6 1/4 sprig rosemary,,20
6 1/4 sprig tarragon,,20
6 1/8 oz benedictine,,20
6 1/8 oz ginger beer,,20
6 1/8 oz maple syrup,,20
6 1/8 oz rye whiskey,,20
6 1/8 sprig rosemary,,20
6 1/8 sprig tarragon,,20
6 2/3 cup whole milk,,20
6 2/3 oz maple syrup,,20
6 2/3 oz old tom gin,,20
6 2/3 oz tonic water,,20
6 2/3 sprig cilantro,,20
6 3/4 bottle bourbon,,20
6 3/4 cinnamon stick,,20
6 3/4 oz fino sherry,,20
6 3/4 oz ginger beer,,20
6 3/4 oz heavy cream,,20
6 3/4 oz lemon juice,,20
6 tablespoons butter,,20
600 g blanco tequila,,20
"600 g water, boiling",,20
600 g white vermouth,,20
600g evaporated milk,,20
650 g apricot brandy,,20
650 g sparkling wine,,20
650 g walnut liqueur,,20
"650 ml cava, chilled",,20
650 ml fernet branca,,20
650ml sparkling wine,,20
"650ml water, boiling",,20
700 g creme de cacao,,20
700 g white vermouth,,20
700 ml half and half,,20
700g apricot liqueur,,20
700g Jameson whiskey,,20
700ml blanco tequila,,20
750 g cherry heering,,20
"750 g water, boiling",,20
750 ml peated scotch,,20
750ml apricot brandy,,20
"750ml water, boiling",,20
8 oz unsalted butter,,20
8 to 10 whole lemons,,20
"800 g water, boiling",,20
800 ml irish whiskey,,20
800 ml lillet blonde,,20
800ml cherry heering,,20
800ml orange curacao,,20
"800ml water, boiling",,20
850 g blanco tequila,,20
850 g cherry heering,,20
"850 g water, boiling",,20
850 ml gran classico,,20
850 ml peach liqueur,,20
850ml creme de cacao,,20
900 g blanco tequila,,20
900 g creme de cacao,,20
900 g ginger liqueur,,20
900 g rose champagne,,20
"900 g water, boiling",,20
900 ml half and half,,20
900g cranberry juice,,20
900ml blanco tequila,,20
900ml ginger liqueur,,20
950 g blanco tequila,,20
950 g creme de cacao,,20
"950 g ginger, peeled",,20
950 g orange curacao,,20
950 g rose champagne,,20
"950 ml cava, chilled",,20
950g pineapple juice,,20
Avocado or guacamole,,20
cup granulated sugar,,20
Glutinous sweet rice,,20
Kosher salt to taste,,20
Optional: splash gin,,20
Optional: 1 oz pisco,,20
Optional: 1/2 oz gin,,20
Optional: 1/8 oz rum,,20
Optional: 12 oz port,,20
Optional: 2 oz amaro,,20
Optional: 2/3 oz rum,,20
Optional: 3 oz vodka,,20
Optional: 9 oz water,,20
"oz lime juice, fresh",,20
Pure Cane Brown Cube,,20
small bunch of basil,,20
tbsp superfine sugar,,20
to taste lemon juice,,20
Turbinado Sugar Cube,,20
"vinegar, as required",,20
whole cinnamon stick,,20
1 dash orange bitters,,21
1 oz allspice bitters,,21
"1 oz seltzer, chilled",,21
1 tsp ground cinnamon,,21
1 1/2 cup apple cider,,21
1 1/2 cup ginger beer,,21
"1 1/2 cup water, cold",,21
1 1/2 cups cake flour,,21
1 1/2 cups whole milk,,21
1 1/2 large egg yolks,,21
1 1/2 leaf fresh mint,,21
1 1/2 oz agave nectar,,21
1 1/2 oz apple brandy,,21
1 1/2 oz cardamom pod,,21
1 1/2 oz citrus vodka,,21
1 1/2 oz dry vermouth,,21
"1 1/2 oz mango, diced",,21
1 1/2 oz simple syrup,,21
1 1/2 tbsp lemongrass,,21
1 1/3 dash rose water,,21
1 1/3 oz apple brandy,,21
1 1/3 oz cherry juice,,21
"1 1/3 oz lemon, fresh",,21
1 1/3 oz simple syrup,,21
1 1/3 tsp kosher salt,,21
1 1/4 brandied cherry,,21
1 1/4 cup apple cider,,21
1 1/4 cup coffee bean,,21
1 1/4 cup lemon juice,,21
1 1/4 cup maple syrup,,21
"1 1/4 cup water, cold",,21
1 1/4 oz amaro nonino,,21
1 1/4 oz apple brandy,,21
1 1/4 oz cardamom pod,,21
1 1/4 oz citrus vodka,,21
"1 1/4 oz lemon, fresh",,21
1 1/4 oz lillet blanc,,21
1 1/4 rooibos tea bag,,21
1 1/4 superfine sugar,,21
1 1/4 teaspoons sugar,,21
1 1/4 tsp citric acid,,21
1 1/8 cup ginger beer,,21
1 1/8 oz celery juice,,21
1 1/8 oz lillet blanc,,21
1 1/8 oz simple syrup,,21
1 1/8 wedge pineapple,,21
1 2/3 brandied cherry,,21
1 2/3 cup ginger beer,,21
1 2/3 cup kosher salt,,21
1 2/3 dash rose water,,21
1 2/3 oz agave nectar,,21
1 2/3 oz amaro nonino,,21
1 2/3 oz carrot juice,,21
1 2/3 oz celery juice,,21
1 2/3 oz dry vermouth,,21
1 2/3 oz ginger juice,,21
1 2/3 superfine sugar,,21
1 3/4 cup coffee bean,,21
1 3/4 cup kosher salt,,21
1 3/4 leaf fresh mint,,21
1 3/4 rooibos tea bag,,21
1 3/4 wedge pineapple,,21
1 4 lb. whole chicken,,21
1 bottle dry red wine,,21
1 brut sparkling wine,,21
1 can grapefruit soda,,21
1 clove medium garlic,,21
1 cup blanched almond,,21
1 cup cranberry sauce,,21
1 dash cayenne pepper,,21
1 dash celery bitters,,21
1 dash orange bitters,,21
"1 lb cucumber, peeled",,21
"1 medium beet, grated",,21
1 medium clove garlic,,21
"1 medium lime, juiced",,21
1 oz cocchi americano,,21
1 oz drinking vinegar,,21
1 oz reposado tequila,,21
1 recipe baba ganoush,,21
1 recipe baked apples,,21
1 recipe banana bread,,21
1 recipe beef bulgogi,,21
1 recipe brown butter,,21
1 recipe cacio e pepe,,21
1 recipe caesar salad,,21
1 recipe candied yams,,21
1 recipe citrus salad,,21
1 recipe corn chowder,,21
1 recipe fish chowder,,21
1 recipe garam masala,,21
1 recipe giblet gravy,,21
1 recipe giblet stock,,21
1 recipe hamachi poke,,21
1 recipe kakori kebab,,21
1 recipe key lime pie,,21
1 recipe mint chutney,,21
1 recipe mole poblano,,21
1 recipe pain au lait,,21
1 recipe peach butter,,21
1 recipe pear galette,,21
1 recipe potato chips,,21
1 recipe potato salad,,21
1 recipe rack of lamb,,21
1 recipe roast turkey,,21
1 recipe shrimp tacos,,21
1 recipe sweet crepes,,21
1 recipe sweet omelet,,21
1 recipe turnips anna,,21
"1 small onion, minced",,21
1 tablespoon of water,,21
1 tbsp demerara sugar,,21
"1 tbsp ginger, minced",,21
1 teaspoon cornstarch,,21
1 teaspoon fish sauce,,21
1 teaspoon table salt,,21
1 tsp ground cinnamon,,21
1 tsp pimento bitters,,21
1 tsp superfine sugar,,21
1 tsp vanilla extract,,21
"1 wedge lemon, juiced",,21
1‚Äâ¬Ω cups chickpeas,,21
1/2 angostura bitters,,21
"1/2 bottle cognac, ml",,21
1/2 bottle duvel beer,,21
1/2 cup chicken stock,,21
1/2 cup concord grape,,21
1/2 cup half and half,,21
"1/2 cup peach, frozen",,21
1/2 cup pumpkin puree,,21
"1/2 cup water, heated",,21
1/2 dash mole bitters,,21
1/2 dash simple syrup,,21
1/2 earl grey tea bag,,21
1/2 floz orange juice,,21
"1/2 ice cube, cracked",,21
1/2 in cinnamon stick,,21
"1/2 in ginger, peeled",,21
1/2 lb ground sausage,,21
"1/2 leaf basil, fresh",,21
1/2 maraschino cherry,,21
"1/2 orange, quartered",,21
1/2 oz apricot brandy,,21
1/2 oz barolo chinato,,21
1/2 oz blanco tequila,,21
"1/2 oz celery, sliced",,21
1/2 oz champagne acid,,21
1/2 oz cherry heering,,21
1/2 oz creme de cacao,,21
1/2 oz dry white wine,,21
1/2 oz dubonnet rouge,,21
1/2 oz ginger liqueur,,21
"1/2 oz ginger, peeled",,21
1/2 oz mango schnapps,,21
1/2 oz orange curacao,,21
1/2 oz rose champagne,,21
1/2 oz sparkling wine,,21
1/2 oz sweet vermouth,,21
1/2 oz walnut liqueur,,21
"1/2 oz water, boiling",,21
1/2 oz white vermouth,,21
1/2 peychauds bitters,,21
1/2 pinch brown sugar,,21
1/2 pinch kosher salt,,21
1/2 pinch smoked salt,,21
"1/2 prosecco, chilled",,21
1/2 qt raw strawberry,,21
"1/2 qt water, chilled",,21
1/2 slice apple juice,,21
"1/2 sprig mint, fresh",,21
1/2 tbsp cocoa powder,,21
1/2 tbsp simple syrup,,21
1/2 teaspoon allspice,,21
1/2 teaspoon turmeric,,21
1/2 tsp cinchona bark,,21
1/2 tsp grand marnier,,21
1/2 tsp ground ginger,,21
1/2 tsp harissa paste,,21
1/2 twist orange zest,,21
1/3 angostura bitters,,21
"1/3 bottle cognac, ml",,21
1/3 bottle duvel beer,,21
1/3 cup chicken stock,,21
1/3 cup concord grape,,21
1/3 cup half and half,,21
"1/3 cup peach, frozen",,21
1/3 cup pumpkin puree,,21
1/3 cup vegetable oil,,21
"1/3 cup water, heated",,21
1/3 cup white vinegar,,21
1/3 dash mole bitters,,21
1/3 dash simple syrup,,21
1/3 earl grey tea bag,,21
1/3 floz orange juice,,21
"1/3 ice cube, cracked",,21
1/3 in cinnamon stick,,21
"1/3 in ginger, peeled",,21
"1/3 leaf basil, fresh",,21
1/3 maraschino cherry,,21
1/3 orange (optional),,21
"1/3 orange, quartered",,21
1/3 oz apricot brandy,,21
1/3 oz barolo chinato,,21
1/3 oz blanco tequila,,21
"1/3 oz celery, sliced",,21
1/3 oz champagne acid,,21
1/3 oz cherry heering,,21
1/3 oz creme de cacao,,21
1/3 oz dry white wine,,21
1/3 oz dubonnet rouge,,21
1/3 oz ginger liqueur,,21
"1/3 oz ginger, peeled",,21
1/3 oz mango schnapps,,21
1/3 oz orange curacao,,21
1/3 oz rose champagne,,21
1/3 oz sparkling wine,,21
1/3 oz sweet vermouth,,21
1/3 oz walnut liqueur,,21
"1/3 oz water, boiling",,21
1/3 oz white vermouth,,21
1/3 peychauds bitters,,21
1/3 pinch brown sugar,,21
1/3 pinch kosher salt,,21
1/3 pinch smoked salt,,21
1/3 pound ground pork,,21
"1/3 prosecco, chilled",,21
1/3 qt raw strawberry,,21
"1/3 qt water, chilled",,21
1/3 slice apple juice,,21
"1/3 sprig mint, fresh",,21
1/3 tbsp cocoa powder,,21
1/3 tbsp simple syrup,,21
1/3 tsp cinchona bark,,21
1/3 tsp grand marnier,,21
1/3 tsp ground ginger,,21
1/3 tsp harissa paste,,21
1/3 twist orange zest,,21
1/4 angostura bitters,,21
"1/4 bottle cognac, ml",,21
1/4 bottle duvel beer,,21
1/4 cup achiote seeds,,21
1/4 cup butter melted,,21
1/4 cup chicken stock,,21
1/4 cup concord grape,,21
1/4 cup half and half,,21
"1/4 cup peach, frozen",,21
1/4 cup pumpkin puree,,21
1/4 cup vegetable oil,,21
"1/4 cup water, heated",,21
1/4 dash mole bitters,,21
1/4 dash simple syrup,,21
1/4 earl grey tea bag,,21
1/4 floz orange juice,,21
"1/4 ice cube, cracked",,21
1/4 in cinnamon stick,,21
"1/4 in ginger, peeled",,21
"1/4 leaf basil, fresh",,21
1/4 maraschino cherry,,21
"1/4 orange, quartered",,21
1/4 oz apricot brandy,,21
1/4 oz barolo chinato,,21
1/4 oz blanco tequila,,21
"1/4 oz celery, sliced",,21
1/4 oz champagne acid,,21
1/4 oz cherry heering,,21
1/4 oz creme de cacao,,21
1/4 oz dry white wine,,21
1/4 oz dubonnet rouge,,21
1/4 oz ginger liqueur,,21
"1/4 oz ginger, peeled",,21
1/4 oz mango schnapps,,21
1/4 oz orange curacao,,21
1/4 oz rose champagne,,21
1/4 oz sparkling wine,,21
1/4 oz sweet vermouth,,21
1/4 oz walnut liqueur,,21
"1/4 oz water, boiling",,21
1/4 oz white vermouth,,21
1/4 peychauds bitters,,21
1/4 pinch brown sugar,,21
1/4 pinch kosher salt,,21
1/4 pinch smoked salt,,21
1/4 pound ground beef,,21
"1/4 prosecco, chilled",,21
1/4 qt raw strawberry,,21
"1/4 qt water, chilled",,21
1/4 slice apple juice,,21
"1/4 sprig mint, fresh",,21
1/4 tbsp cocoa powder,,21
1/4 tbsp simple syrup,,21
1/4 teaspoon cinnamon,,21
1/4 tsp cinchona bark,,21
1/4 tsp grand marnier,,21
1/4 tsp ground ginger,,21
1/4 tsp harissa paste,,21
1/4 twist orange zest,,21
1/8 angostura bitters,,21
"1/8 bottle cognac, ml",,21
1/8 bottle duvel beer,,21
1/8 cup chicken stock,,21
1/8 cup concord grape,,21
1/8 cup half and half,,21
"1/8 cup peach, frozen",,21
1/8 cup pumpkin puree,,21
"1/8 cup water, heated",,21
1/8 dash mole bitters,,21
1/8 dash simple syrup,,21
1/8 earl grey tea bag,,21
1/8 floz orange juice,,21
"1/8 ice cube, cracked",,21
1/8 in cinnamon stick,,21
"1/8 in ginger, peeled",,21
"1/8 leaf basil, fresh",,21
1/8 maraschino cherry,,21
"1/8 orange, quartered",,21
1/8 oz apricot brandy,,21
1/8 oz barolo chinato,,21
1/8 oz blanco tequila,,21
"1/8 oz celery, sliced",,21
1/8 oz champagne acid,,21
1/8 oz cherry heering,,21
1/8 oz creme de cacao,,21
1/8 oz dry white wine,,21
1/8 oz dubonnet rouge,,21
1/8 oz gin (optional),,21
1/8 oz ginger liqueur,,21
"1/8 oz ginger, peeled",,21
1/8 oz mango schnapps,,21
1/8 oz orange curacao,,21
1/8 oz rose champagne,,21
1/8 oz sparkling wine,,21
1/8 oz sweet vermouth,,21
1/8 oz walnut liqueur,,21
"1/8 oz water, boiling",,21
1/8 oz white vermouth,,21
1/8 peychauds bitters,,21
1/8 pinch brown sugar,,21
1/8 pinch kosher salt,,21
1/8 pinch smoked salt,,21
"1/8 prosecco, chilled",,21
1/8 qt raw strawberry,,21
"1/8 qt water, chilled",,21
1/8 slice apple juice,,21
"1/8 sprig mint, fresh",,21
1/8 tbsp cocoa powder,,21
1/8 tbsp simple syrup,,21
1/8 tsp cinchona bark,,21
1/8 tsp grand marnier,,21
1/8 tsp ground ginger,,21
1/8 tsp harissa paste,,21
1/8 twist orange zest,,21
100 g pineapple juice,,21
100 ml sparkling wine,,21
"1000 g water, boiling",,21
1000 g white vermouth,,21
1000 ml peach liqueur,,21
1000g coconut seltzer,,21
1000ml apricot brandy,,21
1000ml mango schnapps,,21
"100g seltzer, chilled",,21
100ml pineapple juice,,21
1050 g blanco tequila,,21
1050 g creme de cacao,,21
"1050ml water, boiling",,21
1100 g creme de cacao,,21
1100g pineapple juice,,21
"1150 g celery, sliced",,21
"1150 g ginger, peeled",,21
1150 g rose champagne,,21
1150 g white vermouth,,21
1150g grapefruit soda,,21
1150ml ginger liqueur,,21
1150ml white vermouth,,21
12 cup sparkling wine,,21
"12 oz club soda, cold",,21
12 oz Jameson whiskey,,21
12 slice small orange,,21
"12 sprig thyme, fresh",,21
12 1/2 cinnamon stick,,21
"12 1/2 orange, sliced",,21
"12 1/2 orange, zested",,21
12 1/2 oz benedictine,,21
"12 1/2 oz coffee, hot",,21
12 1/2 oz pear brandy,,21
12 1/2 oz rye whiskey,,21
12 1/2 pt heavy cream,,21
12 1/2 stick cinnamon,,21
12 1/2 tbsp egg white,,21
12 1/3 cinnamon stick,,21
12 1/3 cup fresh mint,,21
12 1/3 cup lime juice,,21
12 1/3 ft cheesecloth,,21
12 1/3 oz benedictine,,21
12 1/3 oz crushed ice,,21
"12 1/3 oz lime, fresh",,21
12 1/3 oz maple syrup,,21
12 1/3 oz mild fernet,,21
12 1/3 pt heavy cream,,21
12 1/3 sprig rosemary,,21
12 1/3 tbsp lime zest,,21
12 1/3 wheel cucumber,,21
12 1/4 cup cold water,,21
12 1/4 cup lime juice,,21
12 1/4 cup triple sec,,21
12 1/4 large egg yolk,,21
12 1/4 oz ginger beer,,21
12 1/4 oz maple syrup,,21
12 1/4 oz old tom gin,,21
12 1/4 oz pear brandy,,21
12 1/4 slice cucumber,,21
12 1/4 sprig rosemary,,21
12 1/4 stick cinnamon,,21
12 1/4 tbsp lime zest,,21
12 1/4 tsp whole mace,,21
12 1/4 wedge cucumber,,21
12 1/4 wheel cucumber,,21
12 1/8 cinnamon stick,,21
12 1/8 cup cold water,,21
12 1/8 cup triple sec,,21
12 1/8 dash cointreau,,21
12 1/8 ft cheesecloth,,21
12 1/8 oz benedictine,,21
12 1/8 oz ginger beer,,21
12 1/8 oz lemon juice,,21
12 1/8 oz old tom gin,,21
12 1/8 tsp whole mace,,21
12 2/3 cup fresh mint,,21
"12 2/3 orange, sliced",,21
12 2/3 oz benedictine,,21
12 2/3 oz crushed ice,,21
12 2/3 oz maple syrup,,21
12 2/3 oz rye whiskey,,21
12 2/3 wedge cucumber,,21
12 3/4 cinnamon stick,,21
"12 3/4 orange, zested",,21
12 3/4 oz apple cider,,21
"12 3/4 oz coffee, hot",,21
"12 3/4 oz lime, fresh",,21
12 3/4 oz rye whiskey,,21
12 3/4 slice cucumber,,21
12 3/4 tbsp egg white,,21
12 dried ancho chiles,,21
"1200 g water, boiling",,21
1200 g white vermouth,,21
1200 ml gran classico,,21
1200 ml peach liqueur,,21
1200g cava (optional),,21
1200g cranberry juice,,21
1200ml blanco tequila,,21
1200ml cherry heering,,21
1200ml white vermouth,,21
1250 g blanco tequila,,21
1250 g dubonnet rouge,,21
"1250 g water, boiling",,21
1250 ml saint germain,,21
1250g pineapple juice,,21
1250ml creme de cacao,,21
1250ml sparkling wine,,21
1250ml white vermouth,,21
1300 g blanco tequila,,21
1300 g walnut liqueur,,21
1300 ml peach liqueur,,21
1300 ml whipped cream,,21
1300ml creme de cacao,,21
"1300ml ginger, peeled",,21
1300ml walnut liqueur,,21
1350 g blanco tequila,,21
1350 g sweet vermouth,,21
"1350ml celery, sliced",,21
1350ml ginger liqueur,,21
1400 g ginger liqueur,,21
1400 g white vermouth,,21
1400 ml half and half,,21
1400g apricot liqueur,,21
1400g fresh egg white,,21
1400ml blanco tequila,,21
1400ml dubonnet rouge,,21
1400ml sparkling wine,,21
"1400ml water, boiling",,21
1450 ml half and half,,21
1450 ml irish whiskey,,21
1450g fresh egg white,,21
1450g grapefruit soda,,21
1450ml creme de cacao,,21
150 g coconut seltzer,,21
150 ml blanco tequila,,21
"150 ml celery, sliced",,21
150 ml ginger liqueur,,21
"150 ml ginger, peeled",,21
1500 g creme de cacao,,21
1500 ml half and half,,21
1500 ml lillet blonde,,21
1500 ml saint germain,,21
1500g cava (optional),,21
1500ml blanco tequila,,21
1500ml ginger liqueur,,21
1500ml sparkling wine,,21
150ml Jameson whiskey,,21
2 cup cranberry sauce,,21
2 dash cayenne pepper,,21
2 oz green chartreuse,,21
2 tbsp acid phosphate,,21
2 tbsp sweet vermouth,,21
2 tsp superfine sugar,,21
2 tsp vanilla extract,,21
2 1/2 cherry tomatoes,,21
2 1/2 cup apple cider,,21
2 1/2 cup celery salt,,21
2 1/2 cup heavy cream,,21
2 1/2 oz carrot juice,,21
2 1/2 oz dry vermouth,,21
2 1/2 oz lillet blanc,,21
2 1/2 oz pepper vodka,,21
2 1/2 oz pine liqueur,,21
2 1/2 oz smoky scotch,,21
2 1/2 wedge tangerine,,21
2 1/3 cup heavy cream,,21
2 1/3 oz carrot juice,,21
2 1/3 oz pine liqueur,,21
2 1/3 tsp celery salt,,21
2 1/4 oz dry vermouth,,21
2 1/4 oz pepper vodka,,21
2 1/4 oz simple syrup,,21
2 1/4 slice pineapple,,21
2 1/4 tsp celery salt,,21
2 1/4 tsp kosher salt,,21
2 1/4 tsp maple syrup,,21
2 1/4 wedge tangerine,,21
2 1/8 cup heavy cream,,21
2 1/8 oz amaro nonino,,21
2 1/8 oz dry vermouth,,21
2 1/8 oz simple syrup,,21
2 2/3 oz agave nectar,,21
2 2/3 oz citrus vodka,,21
2 2/3 oz dry vermouth,,21
2 2/3 oz lillet blanc,,21
2 2/3 slice pineapple,,21
2 2/3 tsp citric acid,,21
2 3/4 cherry tomatoes,,21
2 3/4 cup apple cider,,21
2 3/4 cup celery salt,,21
2 3/4 oz agave nectar,,21
2 3/4 oz simple syrup,,21
2 3/4 tsp citric acid,,21
"2 bottle coffee, cold",,21
2 dash orange bitters,,21
2 oz amaro (optional),,21
2 oz cocchi americano,,21
2 oz grapefruit juice,,21
2 oz reposado tequila,,21
"2 oz seltzer, chilled",,21
2 slices Swiss cheese,,21
2 tablespoons ketchup,,21
2 tablespoons paprika,,21
2 tbsp acid phosphate,,21
2 tbsp pumpkin butter,,21
2 tbsp sparkling wine,,21
2 tbsp whole allspice,,21
2 teaspoons soy sauce,,21
2 tsp superfine sugar,,21
2/3 angostura bitters,,21
"2/3 bottle cognac, ml",,21
2/3 bottle duvel beer,,21
2/3 cup chicken stock,,21
2/3 cup concord grape,,21
2/3 cup half and half,,21
"2/3 cup peach, frozen",,21
2/3 cup pumpkin puree,,21
"2/3 cup water, heated",,21
2/3 dash mole bitters,,21
2/3 dash simple syrup,,21
2/3 earl grey tea bag,,21
2/3 floz orange juice,,21
"2/3 ice cube, cracked",,21
2/3 in cinnamon stick,,21
"2/3 in ginger, peeled",,21
"2/3 leaf basil, fresh",,21
2/3 maraschino cherry,,21
"2/3 orange, quartered",,21
2/3 oz apricot brandy,,21
2/3 oz barolo chinato,,21
2/3 oz blanco tequila,,21
"2/3 oz celery, sliced",,21
2/3 oz champagne acid,,21
2/3 oz cherry heering,,21
2/3 oz creme de cacao,,21
2/3 oz dry white wine,,21
2/3 oz dubonnet rouge,,21
2/3 oz ginger liqueur,,21
"2/3 oz ginger, peeled",,21
2/3 oz mango schnapps,,21
2/3 oz orange curacao,,21
2/3 oz rose champagne,,21
2/3 oz sparkling wine,,21
2/3 oz sweet vermouth,,21
2/3 oz walnut liqueur,,21
"2/3 oz water, boiling",,21
2/3 oz white vermouth,,21
2/3 peychauds bitters,,21
2/3 pinch brown sugar,,21
2/3 pinch kosher salt,,21
2/3 pinch smoked salt,,21
2/3 pound ground pork,,21
2/3 pound ground veal,,21
"2/3 prosecco, chilled",,21
2/3 qt raw strawberry,,21
"2/3 qt water, chilled",,21
2/3 slice apple juice,,21
"2/3 sprig mint, fresh",,21
2/3 tbsp cocoa powder,,21
2/3 tbsp simple syrup,,21
2/3 tsp cinchona bark,,21
2/3 tsp grand marnier,,21
2/3 tsp ground ginger,,21
2/3 tsp harissa paste,,21
2/3 twist orange zest,,21
20 pod green cardamom,,21
200 g evaporated milk,,21
"200 ml ginger, peeled",,21
200g drinking vinegar,,21
200g grapefruit juice,,21
250 g Jameson whiskey,,21
250 ml creme de cacao,,21
"250 ml ginger, peeled",,21
"250 ml water, boiling",,21
3 cup cranberry sauce,,21
3 large egg yolks (g),,21
3 tsp superfine sugar,,21
3 1/2 cup coffee bean,,21
3 1/2 oz dry prosecco,,21
3 1/2 oz dry vermouth,,21
3 1/2 oz lillet rouge,,21
3 1/2 oz simple syrup,,21
3 1/2 oz tomato juice,,21
3 1/2 tbsp watercress,,21
3 1/2 tsp whole clove,,21
3 1/2 wedge tangerine,,21
3 1/3 cup apple cider,,21
3 1/3 cup crushed ice,,21
3 1/3 cup lemon juice,,21
3 1/3 oz agave nectar,,21
3 1/3 oz apple brandy,,21
3 1/3 oz lillet rouge,,21
3 1/3 oz pine liqueur,,21
3 1/3 tsp citric acid,,21
3 1/3 wedge tangerine,,21
"3 1/4 lime, quartered",,21
3 1/4 oz apple brandy,,21
3 1/4 oz coconut milk,,21
3 1/4 oz dry vermouth,,21
3 1/4 oz lillet blanc,,21
3 1/4 oz simple syrup,,21
3 1/4 slice pineapple,,21
3 1/4 tbsp watercress,,21
3 1/4 tsp whole clove,,21
3 1/8 cup apple cider,,21
"3 1/8 cup water, cold",,21
3 1/8 oz agave nectar,,21
3 1/8 oz apple brandy,,21
3 1/8 oz dry vermouth,,21
3 1/8 oz lillet blanc,,21
"3 1/8 oz mango, diced",,21
3 1/8 oz tomato juice,,21
3 1/8 qt simple syrup,,21
3 1/8 tsp citric acid,,21
3 2/3 cup lemon juice,,21
3 2/3 oz cherry juice,,21
3 2/3 oz dry vermouth,,21
3 2/3 qt simple syrup,,21
3 2/3 tsp benedictine,,21
"3 2/3 tsp water, warm",,21
3 3/4 cup coffee bean,,21
"3 3/4 cup water, cold",,21
"3 3/4 lime, quartered",,21
3 3/4 oz cherry juice,,21
3 3/4 oz dry vermouth,,21
3 3/4 oz lillet blanc,,21
3 3/4 oz pine liqueur,,21
3 3/4 slice pineapple,,21
3 3/4 tsp benedictine,,21
3 3/4 tsp citric acid,,21
3 dash citrus bitters,,21
3 dash orange bitters,,21
"3 oz seltzer, chilled",,21
3 whole cloves garlic,,21
3 whole garlic cloves,,21
3/4 angostura bitters,,21
"3/4 bottle cognac, ml",,21
3/4 bottle duvel beer,,21
3/4 cup chicken stock,,21
3/4 cup concord grape,,21
3/4 cup half and half,,21
"3/4 cup peach, frozen",,21
3/4 cup pumpkin puree,,21
"3/4 cup water, heated",,21
3/4 dash mole bitters,,21
3/4 dash simple syrup,,21
3/4 earl grey tea bag,,21
3/4 floz orange juice,,21
"3/4 ice cube, cracked",,21
3/4 in cinnamon stick,,21
"3/4 in ginger, peeled",,21
"3/4 leaf basil, fresh",,21
3/4 maraschino cherry,,21
"3/4 orange, quartered",,21
3/4 oz apricot brandy,,21
3/4 oz barolo chinato,,21
3/4 oz blanco tequila,,21
"3/4 oz celery, sliced",,21
3/4 oz champagne acid,,21
3/4 oz cherry heering,,21
3/4 oz creme de cacao,,21
3/4 oz dry white wine,,21
3/4 oz dubonnet rouge,,21
3/4 oz ginger liqueur,,21
"3/4 oz ginger, peeled",,21
3/4 oz mango schnapps,,21
3/4 oz orange curacao,,21
3/4 oz rose champagne,,21
3/4 oz sparkling wine,,21
3/4 oz sweet vermouth,,21
3/4 oz walnut liqueur,,21
"3/4 oz water, boiling",,21
3/4 oz white vermouth,,21
3/4 peychauds bitters,,21
3/4 pinch brown sugar,,21
3/4 pinch kosher salt,,21
3/4 pinch smoked salt,,21
"3/4 prosecco, chilled",,21
3/4 qt raw strawberry,,21
"3/4 qt water, chilled",,21
3/4 slice apple juice,,21
"3/4 sprig mint, fresh",,21
3/4 tbsp cocoa powder,,21
3/4 tbsp simple syrup,,21
3/4 tsp cinchona bark,,21
3/4 tsp grand marnier,,21
3/4 tsp ground ginger,,21
3/4 tsp harissa paste,,21
3/4 twist orange zest,,21
3/8 oz champagne acid,,21
300 g coconut seltzer,,21
300 g grapefruit soda,,21
300 ml blanco tequila,,21
"300 ml celery, sliced",,21
300 ml ginger liqueur,,21
300g drinking vinegar,,21
300g granulated sugar,,21
"300g seltzer, chilled",,21
300ml apricot liqueur,,21
350 g apricot liqueur,,21
350 ml creme de cacao,,21
350 ml ginger liqueur,,21
"350 ml ginger, peeled",,21
350 ml rose champagne,,21
350 ml white vermouth,,21
350g cocchi americano,,21
350g drinking vinegar,,21
350g grapefruit juice,,21
350ml fresh egg white,,21
350ml grapefruit soda,,21
"4 cup cilantro, fresh",,21
4 dash celery bitters,,21
4 oz allspice bitters,,21
4 oz drinking vinegar,,21
4 oz orange marmalade,,21
4 oz reposado tequila,,21
"4 oz seltzer, chilled",,21
4 tsp ground cinnamon,,21
4 tsp vanilla extract,,21
4 1/2 cup lillet rose,,21
4 1/2 oz apple brandy,,21
4 1/2 oz dry prosecco,,21
4 1/2 oz dry vermouth,,21
4 1/2 oz madeira wine,,21
4 1/2 tsp lemon juice,,21
4 1/3 cup maple syrup,,21
4 1/3 leaf fresh sage,,21
4 1/3 oz citrus vodka,,21
4 1/3 oz simple syrup,,21
4 1/3 tbsp lemon zest,,21
4 1/3 tsp lemon juice,,21
4 1/4 cup heavy cream,,21
4 1/4 cup maple syrup,,21
"4 1/4 lime, quartered",,21
4 1/4 oz citrus vodka,,21
4 1/4 oz dry vermouth,,21
4 1/4 oz madeira wine,,21
4 1/8 leaf fresh mint,,21
"4 1/8 lime, quartered",,21
4 1/8 oz ginger juice,,21
"4 1/8 oz lemon, fresh",,21
4 1/8 oz simple syrup,,21
4 1/8 tbsp lemon zest,,21
4 2/3 oz dry vermouth,,21
4 2/3 tsp citric acid,,21
4 3/4 cup crushed ice,,21
4 3/4 cup heavy cream,,21
4 3/4 leaf fresh mint,,21
4 3/4 leaf fresh sage,,21
4 3/4 oz apple brandy,,21
4 3/4 oz ginger juice,,21
4 3/4 oz pepper vodka,,21
4 3/4 oz simple syrup,,21
4 3/4 tsp citric acid,,21
4 eggs lightly beaten,,21
"4 oz seltzer, chilled",,21
4 quarts (3.8L) water,,21
400 ml blanco tequila,,21
400 ml orange curacao,,21
450 g grapefruit soda,,21
450 ml blanco tequila,,21
450 ml cherry heering,,21
450 ml orange curacao,,21
450g drinking vinegar,,21
450g granulated sugar,,21
"450g seltzer, chilled",,21
450ml apricot liqueur,,21
50 g amaro (optional),,21
50 g drinking vinegar,,21
50 ml pineapple juice,,21
500 g cava (optional),,21
500 ml creme de cacao,,21
500 ml rose champagne,,21
500 ml walnut liqueur,,21
500 ml white vermouth,,21
500g green chartreuse,,21
500g vodka (optional),,21
"50g black coffee, hot",,21
50ml drinking vinegar,,21
550 g pineapple juice,,21
550ml cranberry juice,,21
6 dash celery bitters,,21
6 dash orange bitters,,21
6 oz reposado tequila,,21
6 tbsp demerara sugar,,21
6 tbsp pumpkin butter,,21
6 tbsp sparkling wine,,21
6 tsp pimento bitters,,21
6 1/2 brandied cherry,,21
6 1/2 cup brown sugar,,21
6 1/2 large egg yolks,,21
"6 1/2 lb bread, fresh",,21
6 1/2 leaf fresh sage,,21
6 1/2 oz apple brandy,,21
6 1/2 oz dry vermouth,,21
"6 1/2 oz lemon, fresh",,21
6 1/2 oz lillet blanc,,21
6 1/2 tsp lemon juice,,21
6 1/3 large egg yolks,,21
6 1/3 oz apple brandy,,21
6 1/3 oz citrus vodka,,21
6 1/3 oz lillet blanc,,21
6 1/3 oz madeira wine,,21
6 1/3 oz simple syrup,,21
6 1/3 tsp benedictine,,21
6 1/3 tsp maple syrup,,21
"6 1/3 tsp water, warm",,21
6 1/3 tsp whole anise,,21
6 1/4 brandied cherry,,21
6 1/4 cup kosher salt,,21
6 1/4 oz apple brandy,,21
"6 1/4 oz lemon, fresh",,21
6 1/4 oz lillet blanc,,21
6 1/4 tsp benedictine,,21
6 1/4 tsp kosher salt,,21
6 1/4 tsp maple syrup,,21
6 1/8 cherry tomatoes,,21
6 1/8 cup kosher salt,,21
6 1/8 leaf fresh sage,,21
6 1/8 oz agave nectar,,21
6 1/8 oz apple brandy,,21
6 1/8 oz cardamom pod,,21
6 1/8 oz dry vermouth,,21
6 1/8 oz simple syrup,,21
6 1/8 tsp lemon juice,,21
6 2/3 cherry tomatoes,,21
6 2/3 cup crushed ice,,21
"6 2/3 lb bread, fresh",,21
6 2/3 oz agave nectar,,21
6 2/3 oz apple brandy,,21
6 2/3 oz citrus vodka,,21
6 2/3 oz dry vermouth,,21
6 2/3 oz tomato juice,,21
6 2/3 tsp kosher salt,,21
"6 2/3 tsp water, warm",,21
6 2/3 wedge pineapple,,21
6 3/4 cup brown sugar,,21
6 3/4 cup crushed ice,,21
6 3/4 large egg white,,21
6 3/4 oz cardamom pod,,21
6 3/4 oz dry vermouth,,21
6 3/4 oz madeira wine,,21
6 3/4 tsp kosher salt,,21
6 3/4 tsp whole anise,,21
6 tbsp orange curacao,,21
6 whole garlic cloves,,21
600 g apricot liqueur,,21
600 g coconut seltzer,,21
600 ml blanco tequila,,21
600 ml sparkling wine,,21
650 g evaporated milk,,21
650 ml rose champagne,,21
"650g seltzer, chilled",,21
700 ml white vermouth,,21
"700g seltzer, chilled",,21
700ml apricot liqueur,,21
750 ml blanco tequila,,21
750 ml white vermouth,,21
750g reposado tequila,,21
8 1/2 oz simple syrup,,21
"8 oz pineapple, diced",,21
800 g cava (optional),,21
800 g cranberry juice,,21
800 ml blanco tequila,,21
"800 ml water, boiling",,21
"800g seltzer, chilled",,21
800g vodka (optional),,21
800ml coconut seltzer,,21
850 g apricot liqueur,,21
850 g cranberry juice,,21
850 g Jameson whiskey,,21
850 ml sparkling wine,,21
"850 ml water, boiling",,21
850 ml white vermouth,,21
850g amaro (optional),,21
850g drinking vinegar,,21
9 oz water (optional),,21
900 ml mango schnapps,,21
900 ml walnut liqueur,,21
900ml apricot liqueur,,21
950 ml creme de cacao,,21
950g reposado tequila,,21
950ml coconut seltzer,,21
950ml pineapple juice,,21
a few ginger julienne,,21
additional cornstarch,,21
"cinnamon, for garnish",,21
"cornstarch, as needed",,21
dash green chartreuse,,21
For serving: cilantro,,21
Juice of half a lemon,,21
kosher salt as needed,,21
"Kosher salt, to taste",,21
Maybe even fried eggs,,21
Optional: oz allspice,,21
Optional: oz ice cube,,21
Optional: tbsp brandy,,21
Optional: 2 oz averna,,21
Optional: 4 cup honey,,21
Optional: 6 leaf sage,,21
"oz champagne, chilled",,21
Potato or rice starch,,21
salt and black pepper,,21
salt and fresh pepper,,21
"sprig rosemary, fresh",,21
wheel lime (optional),,21
1 cup granulated sugar,,22
"1 medium lemon, zested",,22
"1 oz lime juice, fresh",,22
1 oz yellow chartreuse,,22
"1 qt strawberry, split",,22
1 tbsp unsalted butter,,22
1 teaspoon kosher salt,,22
"1 1/2 jalapeno, sliced",,22
"1 1/2 leaf mint, fresh",,22
1 1/2 oz fernet branca,,22
1 1/2 oz grand marnier,,22
1 1/2 oz half and half,,22
1 1/2 slice strawberry,,22
1 1/2 tbsp whole anise,,22
1 1/3 oz gran classico,,22
1 1/3 oz grand marnier,,22
1 1/3 oz irish whiskey,,22
1 1/3 tsp simple syrup,,22
1 1/4 cup coconut milk,,22
1 1/4 cup simple syrup,,22
"1 1/4 leaf mint, fresh",,22
1 1/4 oz irish whiskey,,22
1 1/4 oz peated scotch,,22
"1 1/4 seltzer, chilled",,22
1 1/4 slice strawberry,,22
1 1/4 tsp simple syrup,,22
"1 1/8 leaf mint, fresh",,22
"1 1/8 oz cava, chilled",,22
1 1/8 oz fernet branca,,22
1 1/8 oz gran classico,,22
1 1/8 strip lemon zest,,22
"1 2/3 leaf mint, fresh",,22
1 2/3 oz peated scotch,,22
1 2/3 slice lemon zest,,22
1 2/3 strip lemon zest,,22
1 3/4 cup coconut milk,,22
1 3/4 grapefruit twist,,22
"1 3/4 jalapeno, sliced",,22
"1 3/4 leaf mint, fresh",,22
1 3/4 oz grand marnier,,22
1 3/4 slice lemon zest,,22
1 3/4 tbsp whole anise,,22
1 barspoon brown sugar,,22
"1 bottle cava, chilled",,22
1 clove cinnamon stick,,22
"1 cup butter, softened",,22
"1 cup cranberry, fresh",,22
1 cup crushed ice cube,,22
1 cup fresh lime juice,,22
1 cup granulated sugar,,22
1 cup of vegetable oil,,22
1 cup short grain rice,,22
1 cup sliced mushrooms,,22
1 dash vanilla extract,,22
"1 jalapeno, with seeds",,22
"1 large onion, chopped",,22
"1 lemon, thinly sliced",,22
"1 medium lemon, zested",,22
"1 onion, thinly sliced",,22
1 oz angostura bitters,,22
"1 oz lime juice, fresh",,22
1 piece candied ginger,,22
1 pint cherry tomatoes,,22
1 pound dry navy beans,,22
"1 pt strawberry, diced",,22
"1 qt strawberry, split",,22
1 recipe almond butter,,22
1 recipe apple strudel,,22
1 recipe caprese salad,,22
1 recipe cashew butter,,22
1 recipe cherry sorbet,,22
1 recipe chicken adobo,,22
1 recipe chicken korma,,22
1 recipe chicken stock,,22
1 recipe egg in a hole,,22
1 recipe eggs benedict,,22
1 recipe erdapfelsalat,,22
1 recipe fior di latte,,22
1 recipe fish meuniere,,22
1 recipe fried chicken,,22
1 recipe hot cocoa mix,,22
1 recipe peanut butter,,22
1 recipe pumpkin bread,,22
1 recipe rhubarb shrub,,22
1 recipe roasted pears,,22
1 recipe sardine pasta,,22
1 recipe sausage gravy,,22
1 recipe savory crepes,,22
1 recipe seaweed salad,,22
1 recipe shrimp scampi,,22
1 recipe spice cookies,,22
1 recipe sunchoke soup,,22
1 recipe torta caprese,,22
1 recipe waldorf salad,,22
"1 small onion, chopped",,22
"1 stalk celery, minced",,22
"1 stick butter, melted",,22
1 tablespoon olive oil,,22
1 tablespoon rice wine,,22
1 tablespoon soy sauce,,22
"1 tbsp jalapeno, diced",,22
"1 tbsp rosemary, fresh",,22
1 Tbsp. drained capers,,22
1 teaspoon baking soda,,22
1 teaspoon brown sugar,,22
1 teaspoon cumin seeds,,22
1 teaspoon dried thyme,,22
1 teaspoon kosher salt,,22
1 teaspoon lemon juice,,22
1 to 2 teaspoons sugar,,22
1 to taste lemon juice,,22
1 tsp granulated sugar,,22
1 tsp orange marmalade,,22
"1/2 club soda, chilled",,22
1/2 cup ( grams) water,,22
1/2 cup apple schnapps,,22
"1/2 cup cherry, pitted",,22
1/2 cup demerara sugar,,22
1/2 cup dry white wine,,22
1/2 cup filtered water,,22
"1/2 cup ginger, grated",,22
1/2 cup red miso paste,,22
1/2 cup small ice cube,,22
1/2 cup sparkling wine,,22
"1/2 cup water, boiling",,22
1/2 cups half and half,,22
1/2 dash fernet branca,,22
1/2 dash grand marnier,,22
1/2 dash lemon bitters,,22
1/2 large orange twist,,22
1/2 oz apricot liqueur,,22
"1/2 oz club soda, cold",,22
1/2 oz coconut seltzer,,22
1/2 oz cranberry juice,,22
1/2 oz creme de cassis,,22
1/2 oz creme de menthe,,22
1/2 oz evaporated milk,,22
1/2 oz fresh egg white,,22
1/2 oz grapefruit soda,,22
1/2 oz Jameson whiskey,,22
1/2 oz pineapple juice,,22
1/2 oz unsalted butter,,22
1/2 pinch chile powder,,22
1/2 pod green cardamom,,22
1/2 slice orange juice,,22
1/2 slice small orange,,22
"1/2 small lime, zested",,22
"1/2 sprig thyme, fresh",,22
1/2 star crushed anise,,22
"1/2 strawberry, halved",,22
1/2 tablespoons chives,,22
1/2 Taste simple syrup,,22
1/2 tsp almond extract,,22
1/2 tsp cherry heering,,22
1/2 tsp dried lavender,,22
1/2 tsp orange bitters,,22
1/2 tsp sherry vinegar,,22
1/2 tsp whole allspice,,22
1/2cup skin-on almonds,,22
"1/3 club soda, chilled",,22
1/3 cup ( grams) water,,22
1/3 cup apple schnapps,,22
"1/3 cup cherry, pitted",,22
1/3 cup demerara sugar,,22
1/3 cup filtered water,,22
"1/3 cup ginger, grated",,22
1/3 cup small ice cube,,22
1/3 cup sparkling wine,,22
1/3 cup water [edited],,22
"1/3 cup water, boiling",,22
1/3 dash fernet branca,,22
1/3 dash grand marnier,,22
1/3 dash lemon bitters,,22
1/3 large orange twist,,22
1/3 oz apricot liqueur,,22
"1/3 oz club soda, cold",,22
1/3 oz coconut seltzer,,22
1/3 oz cranberry juice,,22
1/3 oz creme de cassis,,22
1/3 oz creme de menthe,,22
1/3 oz evaporated milk,,22
1/3 oz fresh egg white,,22
1/3 oz grapefruit soda,,22
1/3 oz Jameson whiskey,,22
1/3 oz pineapple juice,,22
1/3 oz unsalted butter,,22
1/3 pinch chile powder,,22
1/3 pod green cardamom,,22
1/3 slice orange juice,,22
1/3 slice small orange,,22
"1/3 small lime, zested",,22
"1/3 sprig thyme, fresh",,22
1/3 star crushed anise,,22
"1/3 strawberry, halved",,22
1/3 tablespoons chives,,22
1/3 Taste simple syrup,,22
1/3 tsp almond extract,,22
1/3 tsp cherry heering,,22
1/3 tsp dried lavender,,22
1/3 tsp orange bitters,,22
1/3 tsp sherry vinegar,,22
1/3 tsp whole allspice,,22
"1/4 club soda, chilled",,22
1/4 cup ( grams) water,,22
1/4 cup apple schnapps,,22
"1/4 cup cherry, pitted",,22
1/4 cup demerara sugar,,22
1/4 cup filtered water,,22
"1/4 cup ginger, grated",,22
1/4 cup small ice cube,,22
1/4 cup sparkling wine,,22
"1/4 cup water, boiling",,22
1/4 dash fernet branca,,22
1/4 dash grand marnier,,22
1/4 dash lemon bitters,,22
1/4 large orange twist,,22
1/4 oz apricot liqueur,,22
1/4 oz cava (optional),,22
"1/4 oz club soda, cold",,22
1/4 oz coconut seltzer,,22
1/4 oz cranberry juice,,22
1/4 oz creme de cassis,,22
1/4 oz creme de menthe,,22
1/4 oz evaporated milk,,22
1/4 oz fresh egg white,,22
1/4 oz grapefruit soda,,22
1/4 oz Jameson whiskey,,22
1/4 oz pineapple juice,,22
1/4 oz unsalted butter,,22
1/4 pinch chile powder,,22
1/4 pod green cardamom,,22
1/4 slice orange juice,,22
1/4 slice small orange,,22
"1/4 small lime, zested",,22
"1/4 sprig thyme, fresh",,22
1/4 star crushed anise,,22
"1/4 strawberry, halved",,22
1/4 tablespoons chives,,22
1/4 Taste simple syrup,,22
1/4 tsp almond extract,,22
1/4 tsp cherry heering,,22
1/4 tsp dried lavender,,22
1/4 tsp orange bitters,,22
1/4 tsp sherry vinegar,,22
1/4 tsp whole allspice,,22
"1/8 club soda, chilled",,22
1/8 cup ( grams) water,,22
1/8 cup apple schnapps,,22
"1/8 cup cherry, pitted",,22
1/8 cup demerara sugar,,22
1/8 cup filtered water,,22
"1/8 cup ginger, grated",,22
1/8 cup small ice cube,,22
1/8 cup sparkling wine,,22
"1/8 cup water, boiling",,22
1/8 dash fernet branca,,22
1/8 dash grand marnier,,22
1/8 dash lemon bitters,,22
1/8 large orange twist,,22
1/8 oz apricot liqueur,,22
"1/8 oz club soda, cold",,22
1/8 oz coconut seltzer,,22
1/8 oz cranberry juice,,22
1/8 oz creme de cassis,,22
1/8 oz creme de menthe,,22
1/8 oz evaporated milk,,22
1/8 oz fresh egg white,,22
1/8 oz grapefruit soda,,22
1/8 oz Jameson whiskey,,22
1/8 oz pineapple juice,,22
1/8 oz unsalted butter,,22
1/8 pinch chile powder,,22
1/8 pod green cardamom,,22
1/8 slice orange juice,,22
1/8 slice small orange,,22
"1/8 small lime, zested",,22
"1/8 sprig thyme, fresh",,22
1/8 star crushed anise,,22
"1/8 strawberry, halved",,22
1/8 tablespoons chives,,22
1/8 Taste simple syrup,,22
1/8 tsp almond extract,,22
1/8 tsp cherry heering,,22
1/8 tsp dried lavender,,22
1/8 tsp orange bitters,,22
1/8 tsp sherry vinegar,,22
1/8 tsp whole allspice,,22
1¬Ω tsp. baking powder,,22
10 dash orange bitters,,22
100 ml apricot liqueur,,22
1000 g fresh egg white,,22
1000 ml ginger liqueur,,22
1000 ml white vermouth,,22
1000ml cava (optional),,22
100g chocolate liqueur,,22
"100g lime juice, fresh",,22
100g pistachio liqueur,,22
1050 ml creme de cacao,,22
1050 ml ginger liqueur,,22
"1050 ml water, boiling",,22
1050ml evaporated milk,,22
1050ml Jameson whiskey,,22
1100 ml sweet vermouth,,22
1100g allspice bitters,,22
1100g cocchi americano,,22
1100g drinking vinegar,,22
1100g montenegro amaro,,22
1100ml fresh egg white,,22
1150 ml ginger liqueur,,22
1150 ml sparkling wine,,22
1150 ml white vermouth,,22
1150g drinking vinegar,,22
1150g grapefruit juice,,22
1150g green chartreuse,,22
12 bottle dry red wine,,22
12 dash orange bitters,,22
12 drop percent saline,,22
12 oz amaro (optional),,22
12 oz granulated sugar,,22
12 oz green chartreuse,,22
12 oz jalapeno tequila,,22
12 tsp superfine sugar,,22
12 1/2 cup ginger beer,,22
12 1/2 oz agave nectar,,22
12 1/2 oz coconut milk,,22
12 1/2 oz lillet rouge,,22
12 1/2 tsp kosher salt,,22
12 1/3 cup brown sugar,,22
12 1/3 cup heavy cream,,22
12 1/3 oz apple brandy,,22
12 1/3 oz celery juice,,22
12 1/3 oz simple syrup,,22
12 1/3 qt simple syrup,,22
12 1/3 tsp kosher salt,,22
12 1/3 tsp whole anise,,22
12 1/4 cup ginger beer,,22
12 1/4 cup heavy cream,,22
12 1/4 cup lemon juice,,22
12 1/4 oz ginger juice,,22
12 1/4 tsp kosher salt,,22
12 1/8 dash rose water,,22
12 1/8 oz agave nectar,,22
12 1/8 oz coconut milk,,22
12 1/8 oz dry vermouth,,22
12 1/8 oz simple syrup,,22
12 1/8 tsp lemon juice,,22
12 2/3 cup brown sugar,,22
12 2/3 cup heavy cream,,22
12 2/3 dash rose water,,22
"12 2/3 lb bread, fresh",,22
12 2/3 oz agave nectar,,22
12 2/3 oz dry vermouth,,22
12 2/3 oz lillet blanc,,22
12 2/3 oz simple syrup,,22
12 2/3 tsp kosher salt,,22
12 2/3 tsp lemon juice,,22
12 2/3 tsp whole anise,,22
12 3/4 cup lemon juice,,22
"12 3/4 lb bread, fresh",,22
12 3/4 oz dry vermouth,,22
12 3/4 oz ginger juice,,22
12 3/4 oz lillet rouge,,22
12 3/4 oz simple syrup,,22
12 3/4 tsp kosher salt,,22
12 3/4 tsp lemon juice,,22
12 ounces jumbo shells,,22
12 ounces rotini pasta,,22
12 oz water (optional),,22
1200 g apricot liqueur,,22
1200 ml apricot brandy,,22
1200g amaro (optional),,22
1200g cocchi americano,,22
1200ml cava (optional),,22
1200ml grapefruit soda,,22
1250 g Jameson whiskey,,22
1250 g pineapple juice,,22
"1250 ml water, boiling",,22
1250g granulated sugar,,22
1250g montenegro amaro,,22
1300 g fresh egg white,,22
1300 ml blanco tequila,,22
1300 ml mango schnapps,,22
1300 ml rose champagne,,22
1300g drinking vinegar,,22
1300g grapefruit juice,,22
1300g green chartreuse,,22
1300ml Jameson whiskey,,22
1350 ml apricot brandy,,22
"1350g seltzer, chilled",,22
14 oz granulated sugar,,22
1400g green chartreuse,,22
1400ml coconut seltzer,,22
1400ml evaporated milk,,22
1400ml pineapple juice,,22
1450 g coconut seltzer,,22
1450 ml blanco tequila,,22
1450 ml cherry heering,,22
1450 ml dubonnet rouge,,22
"1450 ml water, boiling",,22
1450g cocchi americano,,22
1450g granulated sugar,,22
1450ml cranberry juice,,22
15 drop orange bitters,,22
150 g drinking vinegar,,22
150 ml evaporated milk,,22
1500 g pineapple juice,,22
1500 ml sparkling wine,,22
"1500 ml water, boiling",,22
1500ml pineapple juice,,22
150ml green chartreuse,,22
"150ml seltzer, chilled",,22
"16 oz seltzer, chilled",,22
18 to 20 whole cashews,,22
2 cup granulated sugar,,22
2 cups (ml) whole milk,,22
"2 leaf tarragon, fresh",,22
2 oz grapefruit radler,,22
"2 oz lime juice, fresh",,22
2 oz pistachio liqueur,,22
2 oz sage simple syrup,,22
2 oz yellow chartreuse,,22
2 tsp orange marmalade,,22
2 1/2 cups heavy cream,,22
2 1/2 oz fernet branca,,22
2 1/2 sprig fresh mint,,22
2 1/2 Taste cane syrup,,22
2 1/2 twist grapefruit,,22
2 1/3 oz gran classico,,22
2 1/3 oz saint germain,,22
2 1/3 slice strawberry,,22
2 1/3 Taste cane syrup,,22
2 1/3 twist grapefruit,,22
"2 1/4 cinnamon, grated",,22
2 1/4 cup coconut milk,,22
"2 1/4 leaf sage, fresh",,22
2 1/4 oz gran classico,,22
2 1/4 oz peach liqueur,,22
2 1/4 tsp simple syrup,,22
"2 1/8 leaf sage, fresh",,22
2 1/8 oz fernet branca,,22
2 1/8 oz gran classico,,22
2 1/8 tsp simple syrup,,22
2 2/3 cup cocoa powder,,22
2 2/3 slice strawberry,,22
2 2/3 sprig fresh mint,,22
2 2/3 stalk lemongrass,,22
2 2/3 tsp simple syrup,,22
"2 3/4 cinnamon, grated",,22
2 3/4 oz gran classico,,22
2 3/4 slice lemon zest,,22
2 3/4 tsp simple syrup,,22
"2 celery ribs, chopped",,22
2 cup granulated sugar,,22
2 cups vegetable stock,,22
2 leaf mint (optional),,22
2 medium cloves garlic,,22
"2 oz lime juice, fresh",,22
2 oz pomegranate juice,,22
"2 oz prosecco, chilled",,22
2 stale corn tortillas,,22
2 tbsp unsalted butter,,22
2 teaspoons cold water,,22
2 teaspoons fish sauce,,22
2 teaspoons warm water,,22
2 tsp black peppercorn,,22
2 tsp granulated sugar,,22
2 whole cinnamon stick,,22
2-3 tablespoons butter,,22
"2/3 club soda, chilled",,22
2/3 cup ( grams) water,,22
2/3 cup apple schnapps,,22
"2/3 cup cherry, pitted",,22
2/3 cup demerara sugar,,22
2/3 cup filtered water,,22
"2/3 cup ginger, grated",,22
2/3 cup small ice cube,,22
2/3 cup sparkling wine,,22
"2/3 cup water, boiling",,22
2/3 dash fernet branca,,22
2/3 dash grand marnier,,22
2/3 dash lemon bitters,,22
2/3 large orange twist,,22
2/3 oz apricot liqueur,,22
"2/3 oz club soda, cold",,22
2/3 oz coconut seltzer,,22
2/3 oz cranberry juice,,22
2/3 oz creme de cassis,,22
2/3 oz creme de menthe,,22
2/3 oz evaporated milk,,22
2/3 oz fresh egg white,,22
2/3 oz grapefruit soda,,22
2/3 oz Jameson whiskey,,22
2/3 oz pineapple juice,,22
2/3 oz port (optional),,22
2/3 oz unsalted butter,,22
2/3 pinch chile powder,,22
2/3 pod green cardamom,,22
2/3 slice orange juice,,22
2/3 slice small orange,,22
"2/3 small lime, zested",,22
"2/3 sprig thyme, fresh",,22
2/3 star crushed anise,,22
"2/3 strawberry, halved",,22
2/3 tablespoons chives,,22
2/3 Taste simple syrup,,22
2/3 tsp almond extract,,22
2/3 tsp cherry heering,,22
2/3 tsp dried lavender,,22
2/3 tsp orange bitters,,22
2/3 tsp sherry vinegar,,22
2/3 tsp whole allspice,,22
20 dash orange bitters,,22
200 g vodka (optional),,22
200 ml Jameson whiskey,,22
200ml amaro (optional),,22
200ml vodka (optional),,22
250 g amaro (optional),,22
250 g montenegro amaro,,22
250 ml coconut seltzer,,22
250ml drinking vinegar,,22
3 cup granulated sugar,,22
3 oz the king's ginger,,22
3 1/2 Taste cane syrup,,22
3 1/2 tbsp celery salt,,22
3 1/2 tsp simple syrup,,22
3 1/2 twist grapefruit,,22
3 1/3 oz gran classico,,22
3 1/3 oz peach liqueur,,22
3 1/3 oz saint germain,,22
3 1/3 oz whipped cream,,22
3 1/3 pt half and half,,22
3 1/3 sprig fresh mint,,22
3 1/3 strip lemon zest,,22
3 1/3 tbsp kosher salt,,22
3 1/3 tbsp whole anise,,22
3 1/4 cup pear liqueur,,22
"3 1/4 lb ginger, fresh",,22
3 1/4 tbsp orange zest,,22
3 1/4 twist grapefruit,,22
3 1/8 cup pear liqueur,,22
3 1/8 oz lillet blonde,,22
3 1/8 tbsp orange zest,,22
3 2/3 dash pomegranate,,22
3 2/3 head cauliflower,,22
"3 2/3 lb ginger, fresh",,22
3 2/3 oz lillet blonde,,22
3 2/3 oz whipped cream,,22
3 2/3 star whole anise,,22
3 2/3 strip lemon zest,,22
3 3/4 cup simple syrup,,22
3 3/4 dash pomegranate,,22
"3 3/4 jalapeno, sliced",,22
3 3/4 oz gran classico,,22
3 3/4 oz peach liqueur,,22
3 3/4 pt half and half,,22
3 3/4 sprig fresh mint,,22
3 3/4 Taste cane syrup,,22
3 3/4 tbsp celery salt,,22
"3 oz lime juice, fresh",,22
3 oz pomegranate juice,,22
3 tablespoons molasses,,22
3 tbsp superfine sugar,,22
3 to 4 ajitsuke tamago,,22
3 to 4 cups whole milk,,22
"3/4 club soda, chilled",,22
3/4 cup ( grams) water,,22
3/4 cup apple schnapps,,22
"3/4 cup cherry, pitted",,22
3/4 cup demerara sugar,,22
3/4 cup dry white wine,,22
3/4 cup filtered water,,22
"3/4 cup ginger, grated",,22
3/4 cup small ice cube,,22
3/4 cup sparkling wine,,22
"3/4 cup water, boiling",,22
3/4 dash fernet branca,,22
3/4 dash grand marnier,,22
3/4 dash lemon bitters,,22
3/4 large orange twist,,22
3/4 oz apricot liqueur,,22
"3/4 oz club soda, cold",,22
3/4 oz coconut seltzer,,22
3/4 oz cranberry juice,,22
3/4 oz creme de cassis,,22
3/4 oz creme de menthe,,22
3/4 oz evaporated milk,,22
3/4 oz fresh egg white,,22
3/4 oz grapefruit soda,,22
3/4 oz Jameson whiskey,,22
3/4 oz pineapple juice,,22
3/4 oz unsalted butter,,22
3/4 pinch chile powder,,22
3/4 pod green cardamom,,22
3/4 slice orange juice,,22
3/4 slice small orange,,22
"3/4 small lime, zested",,22
"3/4 sprig thyme, fresh",,22
3/4 star crushed anise,,22
"3/4 strawberry, halved",,22
3/4 tablespoons chives,,22
3/4 Taste simple syrup,,22
3/4 tsp almond extract,,22
3/4 tsp cherry heering,,22
3/4 tsp dried lavender,,22
3/4 tsp orange bitters,,22
3/4 tsp sherry vinegar,,22
3/4 tsp whole allspice,,22
300 g drinking vinegar,,22
300 g vodka (optional),,22
300 ml pineapple juice,,22
300g sage simple syrup,,22
300g the king's ginger,,22
300ml drinking vinegar,,22
300ml grapefruit juice,,22
350 g grapefruit juice,,22
"350 g seltzer, chilled",,22
350ml cocchi americano,,22
350ml drinking vinegar,,22
350ml grapefruit juice,,22
"4 cup cranberry, fresh",,22
4 dash vanilla extract,,22
"4 leaf tarragon, fresh",,22
"4 lemon, thinly sliced",,22
4 nectarine (optional),,22
"4 oz lime juice, fresh",,22
4 oz pomegranate juice,,22
4 to taste lemon juice,,22
4 1/2 oz coconut water,,22
4 1/2 oz fernet branca,,22
4 1/2 oz grand marnier,,22
4 1/2 oz saint germain,,22
4 1/2 tbsp rye whiskey,,22
4 1/2 wedge grapefruit,,22
"4 1/3 leaf mint, fresh",,22
4 1/3 sprig fresh mint,,22
4 1/3 tsp simple syrup,,22
4 1/4 dash fino sherry,,22
4 1/4 dash lemon juice,,22
4 1/4 oz fernet branca,,22
"4 1/4 seltzer, chilled",,22
4 1/4 tbsp maple syrup,,22
4 1/8 cup simple syrup,,22
4 1/8 oz coconut water,,22
4 1/8 oz grand marnier,,22
4 1/8 wedge grapefruit,,22
4 2/3 dash fino sherry,,22
4 2/3 dash lemon juice,,22
"4 2/3 jalapeno, sliced",,22
4 2/3 oz fernet branca,,22
4 2/3 oz grand marnier,,22
4 2/3 sprig fresh mint,,22
4 2/3 tbsp maple syrup,,22
4 2/3 tbsp rye whiskey,,22
4 3/4 cup simple syrup,,22
"4 3/4 leaf mint, fresh",,22
4 chicken leg quarters,,22
4 cups vegetable broth,,22
400 g drinking vinegar,,22
400 ml fresh egg white,,22
400g bornholmer bitter,,22
"400g kale juice, fresh",,22
400g the king's ginger,,22
450g sage simple syrup,,22
450g yellow chartreuse,,22
"50 g kale juice, fresh",,22
"50 g lime juice, fresh",,22
50 g pistachio liqueur,,22
50 g rich simple syrup,,22
50 ml grapefruit juice,,22
"50 ml seltzer, chilled",,22
"500 g seltzer, chilled",,22
500 ml coconut seltzer,,22
"50g apple cider, fresh",,22
"50g strawberry, sliced",,22
50g tequila (optional),,22
"50ml black coffee, hot",,22
50ml pistachio liqueur,,22
50ml the king's ginger,,22
550 ml apricot liqueur,,22
550 ml Jameson whiskey,,22
"550g kale juice, fresh",,22
550ml drinking vinegar,,22
550ml grapefruit juice,,22
550ml green chartreuse,,22
6 cup granulated sugar,,22
6 cup sugar (optional),,22
"6 oz lime juice, fresh",,22
6 tsp black peppercorn,,22
"6 1/2 leaf mint, fresh",,22
6 1/2 oz fernet branca,,22
6 1/2 oz irish whiskey,,22
6 1/2 strip lemon zest,,22
6 1/2 tsp mustard seed,,22
6 1/3 dash pomegranate,,22
"6 1/3 leaf mint, fresh",,22
6 1/3 oz coconut water,,22
6 1/3 oz half and half,,22
6 1/3 tbsp kosher salt,,22
6 1/3 tsp mustard seed,,22
6 1/4 dash pomegranate,,22
6 1/4 tbsp maple syrup,,22
6 1/4 tbsp whole clove,,22
6 1/4 wedge grapefruit,,22
6 1/8 cup simple syrup,,22
6 1/8 oz grand marnier,,22
6 1/8 oz half and half,,22
6 1/8 oz irish whiskey,,22
6 1/8 tbsp kosher salt,,22
6 2/3 grapefruit twist,,22
6 2/3 oz fernet branca,,22
6 2/3 oz grand marnier,,22
6 2/3 oz lillet blonde,,22
6 2/3 oz whipped cream,,22
6 2/3 tbsp whole clove,,22
6 2/3 wedge grapefruit,,22
6 3/4 grapefruit twist,,22
6 3/4 oz whipped cream,,22
6 3/4 star whole anise,,22
6 dried pasilla chiles,,22
6 dry Kashmiri chilies,,22
6 leaf sage (optional),,22
"6 oz black coffee, hot",,22
6 oz grapefruit radler,,22
6 oz sage simple syrup,,22
600 g drinking vinegar,,22
600g bornholmer bitter,,22
600g sage simple syrup,,22
600ml grapefruit juice,,22
650 ml apricot liqueur,,22
650g pomegranate juice,,22
650ml drinking vinegar,,22
700 g drinking vinegar,,22
700 g reposado tequila,,22
700 ml cava (optional),,22
700 ml Jameson whiskey,,22
700g chilled champagne,,22
700g the king's ginger,,22
700ml granulated sugar,,22
700ml green chartreuse,,22
750 g drinking vinegar,,22
750 ml coconut seltzer,,22
750 ml evaporated milk,,22
750g bornholmer bitter,,22
750g rich simple syrup,,22
750ml drinking vinegar,,22
750ml granulated sugar,,22
750ml reposado tequila,,22
800 g granulated sugar,,22
"800g kale juice, fresh",,22
800g mint simple syrup,,22
800g sage simple syrup,,22
800g yellow chartreuse,,22
800ml granulated sugar,,22
800ml reposado tequila,,22
"800ml seltzer, chilled",,22
850 g cocchi americano,,22
850 ml coconut seltzer,,22
850 ml pineapple juice,,22
850ml allspice bitters,,22
"850ml seltzer, chilled",,22
900 g granulated sugar,,22
"900g black coffee, hot",,22
"900g lime juice, fresh",,22
900g mint simple syrup,,22
900ml allspice bitters,,22
950 g cocchi americano,,22
950ml cocchi americano,,22
950ml granulated sugar,,22
dash peychauds bitters,,22
extra virgin olive oil,,22
Extra-Virgin Olive Oil,,22
For serving: hot sauce,,22
Ground pepper to taste,,22
Kosher salt (optional),,22
"Lemon wedges, to serve",,22
Optional: dash bitters,,22
"Optional: kiwi, peeled",,22
Optional: stick celery,,22
Optional: 1 1/4 oz rum,,22
Optional: 1/2 qt water,,22
Optional: 1/3 oz cynar,,22
Optional: 1/4 cup milk,,22
Optional: 1/8 oz pimms,,22
Optional: 12 in orange,,22
Optional: 12 oz averna,,22
Optional: 2 qt seltzer,,22
Optional: 2 3/4 oz gin,,22
Optional: 2 oz cachaca,,22
Optional: 4 leaf basil,,22
Optional: 4 sprig mint,,22
Optional: 6 1/3 oz gin,,22
Optional: 9 oz tequila,,22
oz elderflower liqueur,,22
"Peanut oil, for frying",,22
tsp maraschino liqueur,,22
Turbinado Simple Syrup,,22
Turmeric Infused Honey,,22
Yield:Makes 1 1/2 cups,,22
1 oz blood orange juice,,23
1 oz single-malt scotch,,23
1 slice lime (optional),,23
1 sparkling apple cider,,23
"1 tbsp butter, softened",,23
1 1/2 cup concord grape,,23
"1 1/2 cup peach, frozen",,23
1 1/2 maraschino cherry,,23
1 1/2 oz blanco tequila,,23
"1 1/2 oz ginger, peeled",,23
1 1/2 oz rose champagne,,23
1 1/2 oz sweet vermouth,,23
1 1/2 pinch smoked salt,,23
"1 1/2 sprig mint, fresh",,23
1 1/2 tsp cinchona bark,,23
"1 1/3 cup peach, frozen",,23
1 1/3 earl grey tea bag,,23
1 1/3 maraschino cherry,,23
"1 1/3 orange, quartered",,23
1 1/3 oz ginger liqueur,,23
1 1/3 oz sparkling wine,,23
1 1/3 oz sweet vermouth,,23
1 1/3 pinch smoked salt,,23
1 1/3 tsp grand marnier,,23
1 1/4 cup pumpkin puree,,23
1 1/4 oz blanco tequila,,23
1 1/4 oz sweet vermouth,,23
1 1/4 tsp grand marnier,,23
1 1/4 tsp harissa paste,,23
1 1/8 angostura bitters,,23
1 1/8 cup pumpkin puree,,23
"1 1/8 ice cube, cracked",,23
1 1/8 oz blanco tequila,,23
1 1/8 oz cherry heering,,23
1 1/8 oz ginger liqueur,,23
1 1/8 tsp cinchona bark,,23
1 2/3 oz blanco tequila,,23
1 2/3 oz ginger liqueur,,23
1 2/3 oz rose champagne,,23
1 2/3 oz sweet vermouth,,23
1 3/4 earl grey tea bag,,23
"1 3/4 ice cube, cracked",,23
1 3/4 maraschino cherry,,23
"1 3/4 orange, quartered",,23
1 3/4 oz blanco tequila,,23
1 3/4 oz cherry heering,,23
1 3/4 oz ginger liqueur,,23
"1 3/4 sprig mint, fresh",,23
1 bottle cheap red wine,,23
"1 bottle cognac, 750 ml",,23
"1 bottle dry rose, cold",,23
1 bottle dry white wine,,23
1 can maraschino cherry,,23
1 cup (235 grams) water,,23
1 cup rice wine vinegar,,23
1 cup yellow chartreuse,,23
1 dash green chartreuse,,23
1 large egg plus 1 yolk,,23
"1 lemon twist, optional",,23
"1 lime, cut into wedges",,23
"1 oz apple cider, fresh",,23
1 oz apple simple syrup,,23
1 oz basil simple syrup,,23
"1 oz club soda, chilled",,23
1 oz dry sparkling wine,,23
"1 oz lemon juice, fresh",,23
1 oz single-malt scotch,,23
1 pound beef tenderloin,,23
1 pound squid ink pasta,,23
1 recipe baby back ribs,,23
1 recipe barbecue sauce,,23
1 recipe boiled octopus,,23
1 recipe chocolate tart,,23
1 recipe corn tortillas,,23
1 recipe cranberry tart,,23
1 recipe cream biscuits,,23
1 recipe demerara syrup,,23
1 recipe easy apple pie,,23
1 recipe easy pie dough,,23
1 recipe eggs over easy,,23
1 recipe fish and chips,,23
1 recipe lime soda foam,,23
1 recipe new york shrub,,23
1 recipe orange sherbet,,23
1 recipe overnight oats,,23
1 recipe paneer makhani,,23
1 recipe parmesan stock,,23
1 recipe pimento cheese,,23
1 recipe ragu bolognese,,23
1 recipe roast potatoes,,23
1 recipe salt dome bass,,23
1 recipe scrambled eggs,,23
1 recipe shrimp risotto,,23
1 recipe sunchoke chips,,23
1 recipe tortilla pizza,,23
1 recipe tzatziki sauce,,23
1 recipe white gazpacho,,23
1 splash cherry heering,,23
"1 sprig rosemary, fresh",,23
1 tablespoon cornstarch,,23
1 tablespoon dry sherry,,23
1 tablespoon lime juice,,23
"1 tbsp butter, softened",,23
1 tbsp granulated sugar,,23
1 tbsp whole cumin seed,,23
1 Tbsp. vanilla extract,,23
1 teaspoon chili powder,,23
1 teaspoon cocoa powder,,23
1 teaspoon fennel seeds,,23
1 teaspoon ground cumin,,23
1 teaspoon mild paprika,,23
1 teaspoon onion powder,,23
1 teaspoon sesame seeds,,23
1 tsp whole fennel seed,,23
"1 yellow onion, chopped",,23
1‚Äâ¬Ω cups cooked rice,,23
"1/2 bottle coffee, cold",,23
1/2 bottle dry red wine,,23
1/2 brut sparkling wine,,23
1/2 can grapefruit soda,,23
1/2 clove medium garlic,,23
1/2 cup blanched almond,,23
"1/2 cup cilantro, fresh",,23
1/2 cup cranberry sauce,,23
1/2 cup creme de cassis,,23
1/2 cup dry red lentils,,23
1/2 cup grated Parmesan,,23
1/2 cup light soy sauce,,23
1/2 cup turbinado sugar,,23
1/2 dash cayenne pepper,,23
1/2 dash celery bitters,,23
1/2 dash citrus bitters,,23
1/2 dash orange bitters,,23
1/2 drop percent saline,,23
1/2 drop orange bitters,,23
1/2 floz peach schnapps,,23
1/2 large egg yolks (g),,23
"1/2 lb cucumber, peeled",,23
"1/2 medium beet, grated",,23
1/2 oz allspice bitters,,23
1/2 oz bonal (optional),,23
1/2 oz cocchi americano,,23
1/2 oz drinking vinegar,,23
1/2 oz granulated sugar,,23
1/2 oz grapefruit juice,,23
1/2 oz green chartreuse,,23
1/2 oz jalapeno tequila,,23
1/2 oz montenegro amaro,,23
1/2 oz orange marmalade,,23
"1/2 oz pineapple, diced",,23
1/2 oz reposado tequila,,23
"1/2 oz seltzer, chilled",,23
1/2 tbsp acid phosphate,,23
1/2 tbsp demerara sugar,,23
"1/2 tbsp ginger, minced",,23
1/2 tbsp orange curacao,,23
1/2 tbsp pumpkin butter,,23
1/2 tbsp sparkling wine,,23
1/2 tbsp sweet vermouth,,23
1/2 tbsp whole allspice,,23
1/2 teaspoon lemon zest,,23
1/2 tsp ground cinnamon,,23
1/2 tsp pimento bitters,,23
1/2 tsp superfine sugar,,23
1/2 tsp vanilla extract,,23
"1/2 wedge lemon, juiced",,23
1/2-inch stick cinnamon,,23
"1/3 bottle coffee, cold",,23
1/3 bottle dry red wine,,23
1/3 brut sparkling wine,,23
1/3 can grapefruit soda,,23
1/3 clove medium garlic,,23
1/3 cup blanched almond,,23
"1/3 cup cilantro, fresh",,23
1/3 cup cranberry sauce,,23
1/3 cup creme de cassis,,23
1/3 cup turbinado sugar,,23
1/3 dash cayenne pepper,,23
1/3 dash celery bitters,,23
1/3 dash citrus bitters,,23
1/3 dash orange bitters,,23
1/3 drop percent saline,,23
1/3 drop orange bitters,,23
1/3 floz peach schnapps,,23
1/3 large egg yolks (g),,23
"1/3 lb cucumber, peeled",,23
"1/3 medium beet, grated",,23
1/3 oz allspice bitters,,23
1/3 oz cocchi americano,,23
1/3 oz drinking vinegar,,23
1/3 oz granulated sugar,,23
1/3 oz grapefruit juice,,23
1/3 oz green chartreuse,,23
1/3 oz jalapeno tequila,,23
1/3 oz montenegro amaro,,23
1/3 oz orange marmalade,,23
"1/3 oz pineapple, diced",,23
1/3 oz reposado tequila,,23
"1/3 oz seltzer, chilled",,23
1/3 tbsp acid phosphate,,23
1/3 tbsp demerara sugar,,23
"1/3 tbsp ginger, minced",,23
1/3 tbsp orange curacao,,23
1/3 tbsp pumpkin butter,,23
1/3 tbsp sparkling wine,,23
1/3 tbsp sweet vermouth,,23
1/3 tbsp whole allspice,,23
1/3 tsp ground cinnamon,,23
1/3 tsp pimento bitters,,23
1/3 tsp superfine sugar,,23
1/3 tsp vanilla extract,,23
"1/3 wedge lemon, juiced",,23
"1/4 bottle coffee, cold",,23
1/4 bottle dry red wine,,23
1/4 brut sparkling wine,,23
1/4 can grapefruit soda,,23
1/4 clove medium garlic,,23
1/4 cup blanched almond,,23
"1/4 cup cilantro, fresh",,23
1/4 cup cranberry sauce,,23
1/4 cup creme de cassis,,23
1/4 cup grated Parmesan,,23
1/4 cup light olive oil,,23
1/4 cup turbinado sugar,,23
1/4 dash cayenne pepper,,23
1/4 dash celery bitters,,23
1/4 dash citrus bitters,,23
1/4 dash orange bitters,,23
1/4 drop percent saline,,23
1/4 drop orange bitters,,23
1/4 floz peach schnapps,,23
1/4 large egg yolks (g),,23
"1/4 lb cucumber, peeled",,23
"1/4 medium beet, grated",,23
1/4 oz allspice bitters,,23
1/4 oz cocchi americano,,23
1/4 oz drinking vinegar,,23
1/4 oz granulated sugar,,23
1/4 oz grapefruit juice,,23
1/4 oz green chartreuse,,23
1/4 oz jalapeno tequila,,23
1/4 oz montenegro amaro,,23
1/4 oz orange marmalade,,23
"1/4 oz pineapple, diced",,23
1/4 oz reposado tequila,,23
"1/4 oz seltzer, chilled",,23
1/4 tbsp acid phosphate,,23
1/4 tbsp demerara sugar,,23
"1/4 tbsp ginger, minced",,23
1/4 tbsp orange curacao,,23
1/4 tbsp pumpkin butter,,23
1/4 tbsp sparkling wine,,23
1/4 tbsp sweet vermouth,,23
1/4 tbsp whole allspice,,23
1/4 tsp ground cinnamon,,23
1/4 tsp pimento bitters,,23
1/4 tsp superfine sugar,,23
1/4 tsp vanilla extract,,23
"1/4 wedge lemon, juiced",,23
"1/8 bottle coffee, cold",,23
1/8 bottle dry red wine,,23
1/8 brut sparkling wine,,23
1/8 can grapefruit soda,,23
1/8 clove medium garlic,,23
1/8 cup blanched almond,,23
"1/8 cup cilantro, fresh",,23
1/8 cup cranberry sauce,,23
1/8 cup creme de cassis,,23
1/8 cup milk (optional),,23
1/8 cup turbinado sugar,,23
1/8 dash cayenne pepper,,23
1/8 dash celery bitters,,23
1/8 dash citrus bitters,,23
1/8 dash orange bitters,,23
1/8 drop percent saline,,23
1/8 drop orange bitters,,23
1/8 floz peach schnapps,,23
1/8 large egg yolks (g),,23
"1/8 lb cucumber, peeled",,23
"1/8 medium beet, grated",,23
1/8 oz allspice bitters,,23
1/8 oz cocchi americano,,23
1/8 oz drinking vinegar,,23
1/8 oz granulated sugar,,23
1/8 oz grapefruit juice,,23
1/8 oz green chartreuse,,23
1/8 oz honey (optional),,23
1/8 oz jalapeno tequila,,23
1/8 oz montenegro amaro,,23
1/8 oz orange marmalade,,23
"1/8 oz pineapple, diced",,23
1/8 oz pisco (optional),,23
1/8 oz reposado tequila,,23
"1/8 oz seltzer, chilled",,23
1/8 tbsp acid phosphate,,23
1/8 tbsp demerara sugar,,23
"1/8 tbsp ginger, minced",,23
1/8 tbsp orange curacao,,23
1/8 tbsp pumpkin butter,,23
1/8 tbsp sparkling wine,,23
1/8 tbsp sweet vermouth,,23
1/8 tbsp whole allspice,,23
1/8 tsp ground cinnamon,,23
1/8 tsp pimento bitters,,23
1/8 tsp superfine sugar,,23
1/8 tsp vanilla extract,,23
"1/8 wedge lemon, juiced",,23
100 g pomegranate juice,,23
"100 ml seltzer, chilled",,23
1000 g montenegro amaro,,23
1000 g reposado tequila,,23
1000 ml cranberry juice,,23
1000g the king's ginger,,23
1000ml montenegro amaro,,23
"1000ml seltzer, chilled",,23
100g high-proof bourbon,,23
100ml angostura bitters,,23
"100ml lime juice, fresh",,23
1050 g allspice bitters,,23
1050 g granulated sugar,,23
1050 g green chartreuse,,23
"1050 g seltzer, chilled",,23
1050 ml apricot liqueur,,23
1050ml cocchi americano,,23
1100 g cocchi americano,,23
1100 g granulated sugar,,23
"1100 g seltzer, chilled",,23
1100g chocolate liqueur,,23
"1150 g seltzer, chilled",,23
1150g pistachio liqueur,,23
12 oz cola simple syrup,,23
"12 oz lime juice, fresh",,23
"12 1/2 cinnamon, grated",,23
12 1/2 oz grand marnier,,23
12 1/2 oz honey liqueur,,23
12 1/2 pt half and half,,23
12 1/2 strip lemon zest,,23
12 1/2 tbsp celery salt,,23
12 1/2 tbsp whole clove,,23
12 1/2 tsp simple syrup,,23
"12 1/3 cinnamon, grated",,23
12 1/3 dash lemon juice,,23
"12 1/3 egg white, fresh",,23
"12 1/3 lb ginger, fresh",,23
"12 1/3 leaf mint, fresh",,23
12 1/3 oz amaro sfumato,,23
12 1/3 oz gran classico,,23
12 1/3 star whole anise,,23
12 1/3 strip lemon zest,,23
12 1/3 tbsp orange zest,,23
12 1/4 cup pear liqueur,,23
"12 1/4 lb ginger, fresh",,23
"12 1/4 leaf mint, fresh",,23
12 1/4 oz grand marnier,,23
12 1/4 oz honey liqueur,,23
"12 1/4 raspberry, fresh",,23
12 1/4 tsp mustard seed,,23
12 1/8 cup apple brandy,,23
"12 1/8 leaf mint, fresh",,23
12 1/8 oz gran classico,,23
12 1/8 oz saint germain,,23
"12 1/8 raspberry, fresh",,23
12 2/3 cup apple brandy,,23
12 2/3 cup pear liqueur,,23
12 2/3 oz grand marnier,,23
12 2/3 sprig fresh mint,,23
12 2/3 tbsp whole clove,,23
12 2/3 tsp mustard seed,,23
12 3/4 dash lemon juice,,23
"12 3/4 egg white, fresh",,23
12 3/4 head cauliflower,,23
12 3/4 oz amaro sfumato,,23
12 3/4 oz grand marnier,,23
12 3/4 oz saint germain,,23
12 3/4 pt half and half,,23
12 3/4 tbsp celery salt,,23
12 3/4 tbsp rye whiskey,,23
12 3/4 tsp simple syrup,,23
12 oz sherry (optional),,23
1200 g green chartreuse,,23
"1200 g seltzer, chilled",,23
1200g chilled champagne,,23
"1200ml seltzer, chilled",,23
1250 g allspice bitters,,23
1250 g green chartreuse,,23
1250 ml pineapple juice,,23
1250g chilled champagne,,23
1250ml amaro (optional),,23
1300 g cocchi americano,,23
1300 g grapefruit juice,,23
1300 ml cranberry juice,,23
1300 ml grapefruit soda,,23
1300g angostura bitters,,23
1300g bornholmer bitter,,23
1300g chilled champagne,,23
"1300g lime juice, fresh",,23
1300g pomegranate juice,,23
1300g rich simple syrup,,23
"1300ml seltzer, chilled",,23
1300ml vodka (optional),,23
1350 g drinking vinegar,,23
1350 g grapefruit juice,,23
"1350 g seltzer, chilled",,23
1350g bornholmer bitter,,23
1350g rich simple syrup,,23
1400 g grapefruit juice,,23
1400 ml cava (optional),,23
1400 ml Jameson whiskey,,23
1400g bornholmer bitter,,23
1400ml green chartreuse,,23
1450 g green chartreuse,,23
1450 ml grapefruit soda,,23
"1450g lime juice, fresh",,23
1450ml drinking vinegar,,23
150 g angostura bitters,,23
150 g sage simple syrup,,23
150 g the king's ginger,,23
1500 g drinking vinegar,,23
1500 ml fresh egg white,,23
1500g angostura bitters,,23
"1500g kale juice, fresh",,23
1500ml cocchi americano,,23
1500ml drinking vinegar,,23
1500ml montenegro amaro,,23
150ml bornholmer bitter,,23
"18 leaf tarragon, fresh",,23
2 bottle dry white wine,,23
"2 sprig rosemary, fresh",,23
2 sugar cube (optional),,23
2 tsp angostura bitters,,23
2 1/2 angostura bitters,,23
2 1/2 cup half and half,,23
2 1/2 cups tomato puree,,23
2 1/2 oz barolo chinato,,23
2 1/2 oz ginger liqueur,,23
"2 1/3 leaf basil, fresh",,23
2 1/3 oz blanco tequila,,23
2 1/3 oz dubonnet rouge,,23
2 1/3 oz ginger liqueur,,23
2 1/3 oz orange curacao,,23
"2 1/3 oz water, boiling",,23
2 1/4 dash mole bitters,,23
2 1/4 oz sweet vermouth,,23
2 1/4 peychauds bitters,,23
2 1/8 maraschino cherry,,23
"2 1/8 oz celery, sliced",,23
2 1/8 oz mango schnapps,,23
2 2/3 angostura bitters,,23
2 2/3 dash mole bitters,,23
"2 2/3 leaf basil, fresh",,23
2 2/3 oz barolo chinato,,23
2 2/3 oz blanco tequila,,23
2 2/3 oz cherry heering,,23
"2 2/3 oz water, boiling",,23
2 2/3 peychauds bitters,,23
2 3/4 cup concord grape,,23
2 3/4 in cinnamon stick,,23
2 3/4 oz blanco tequila,,23
2 3/4 oz cherry heering,,23
2 3/4 oz creme de cacao,,23
2 3/4 oz dry white wine,,23
2 3/4 oz mango schnapps,,23
2 3/4 oz sweet vermouth,,23
2 bunches fresh spinach,,23
"2 cloves garlic, minced",,23
2 cups granulated sugar,,23
"2 garlic cloves, minced",,23
2 oz dry orange curacao,,23
"2 oz lemon juice, fresh",,23
"2 slice cucumber, fresh",,23
2 slices cheddar cheese,,23
"2 sprig rosemary, fresh",,23
2 tablespoons olive oil,,23
2 tablespoons soy sauce,,23
2 tbsp cranberry sorbet,,23
2 teaspoons corn starch,,23
2 teaspoons cumin seeds,,23
2 teaspoons kosher salt,,23
2 whole anchovy fillets,,23
"2/3 bottle coffee, cold",,23
2/3 bottle dry red wine,,23
2/3 brut sparkling wine,,23
2/3 can grapefruit soda,,23
2/3 clove medium garlic,,23
2/3 cup blanched almond,,23
"2/3 cup cilantro, fresh",,23
2/3 cup cranberry sauce,,23
2/3 cup creme de cassis,,23
2/3 cup turbinado sugar,,23
2/3 dash cayenne pepper,,23
2/3 dash celery bitters,,23
2/3 dash citrus bitters,,23
2/3 dash orange bitters,,23
2/3 drop percent saline,,23
2/3 drop orange bitters,,23
2/3 floz peach schnapps,,23
2/3 large egg yolks (g),,23
"2/3 lb cucumber, peeled",,23
"2/3 medium beet, grated",,23
2/3 oz allspice bitters,,23
2/3 oz cocchi americano,,23
2/3 oz drinking vinegar,,23
2/3 oz granulated sugar,,23
2/3 oz grapefruit juice,,23
2/3 oz green chartreuse,,23
2/3 oz jalapeno tequila,,23
2/3 oz montenegro amaro,,23
2/3 oz orange marmalade,,23
"2/3 oz pineapple, diced",,23
2/3 oz reposado tequila,,23
"2/3 oz seltzer, chilled",,23
2/3 tbsp acid phosphate,,23
2/3 tbsp demerara sugar,,23
"2/3 tbsp ginger, minced",,23
2/3 tbsp orange curacao,,23
2/3 tbsp pumpkin butter,,23
2/3 tbsp sparkling wine,,23
2/3 tbsp sweet vermouth,,23
2/3 tbsp whole allspice,,23
2/3 tsp ground cinnamon,,23
2/3 tsp pimento bitters,,23
2/3 tsp superfine sugar,,23
2/3 tsp vanilla extract,,23
"2/3 wedge lemon, juiced",,23
200 g sage simple syrup,,23
200 ml granulated sugar,,23
200 ml green chartreuse,,23
"200g apple cider, fresh",,23
200g basil simple syrup,,23
200g genever (optional),,23
200g high-proof bourbon,,23
200ml the king's ginger,,23
250 g angostura bitters,,23
250 ml montenegro amaro,,23
"250 ml seltzer, chilled",,23
"250ml lime juice, fresh",,23
250ml rich simple syrup,,23
3 bottle dry white wine,,23
"3 in fresh pasta, fresh",,23
3 1/2 cup pumpkin puree,,23
3 1/2 maraschino cherry,,23
3 1/2 oz creme de cacao,,23
3 1/2 oz orange curacao,,23
"3 1/2 prosecco, chilled",,23
3 1/2 tsp grand marnier,,23
3 1/3 cup chicken stock,,23
"3 1/3 ice cube, cracked",,23
3 1/3 oz creme de cacao,,23
3 1/3 oz ginger liqueur,,23
"3 1/3 oz ginger, peeled",,23
3 1/3 oz sparkling wine,,23
3 1/3 qt raw strawberry,,23
3 1/3 tbsp simple syrup,,23
3 1/4 cherry (optional),,23
3 1/4 cup pumpkin puree,,23
"3 1/4 orange, quartered",,23
3 1/4 oz barolo chinato,,23
3 1/4 oz blanco tequila,,23
3 1/4 oz ginger liqueur,,23
3 1/4 oz sparkling wine,,23
3 1/4 oz sweet vermouth,,23
3 1/4 pinch kosher salt,,23
"3 1/4 prosecco, chilled",,23
3 1/4 slice apple juice,,23
3 1/4 tsp cinchona bark,,23
3 1/4 tsp grand marnier,,23
3 1/4 tsp ground ginger,,23
"3 1/8 ice cube, cracked",,23
"3 1/8 orange, quartered",,23
3 1/8 oz blanco tequila,,23
3 1/8 oz cherry heering,,23
3 1/8 oz creme de cacao,,23
3 1/8 oz ginger liqueur,,23
"3 1/8 oz ginger, peeled",,23
3 1/8 oz sweet vermouth,,23
3 1/8 pinch kosher salt,,23
3 1/8 slice apple juice,,23
3 1/8 tbsp simple syrup,,23
3 2/3 dash mole bitters,,23
3 2/3 earl grey tea bag,,23
3 2/3 oz cherry heering,,23
3 2/3 tsp cinchona bark,,23
3 3/4 dash mole bitters,,23
3 3/4 maraschino cherry,,23
3 3/4 oz blanco tequila,,23
"3 3/4 oz ginger, peeled",,23
3 3/4 oz mango schnapps,,23
3 3/4 qt raw strawberry,,23
3 3/4 tsp ground ginger,,23
"3 cloves garlic, minced",,23
3 dashes orange bitters,,23
3 floz chilled prosecco,,23
"3 garlic cloves, minced",,23
"3 in fresh pasta, fresh",,23
"3 oz champagne, chilled",,23
3 oz dry sparkling wine,,23
3 oz genever (optional),,23
3 oz grapefruit seltzer,,23
3 pints cherry tomatoes,,23
"3 sprig rosemary, fresh",,23
3 tablespoons olive oil,,23
3 tablespoons soy sauce,,23
3 teaspoons kosher salt,,23
3 whole star anise pods,,23
"3/4 bottle coffee, cold",,23
3/4 bottle dry red wine,,23
3/4 brut sparkling wine,,23
3/4 can grapefruit soda,,23
3/4 clove medium garlic,,23
3/4 cup blanched almond,,23
"3/4 cup cilantro, fresh",,23
3/4 cup cranberry sauce,,23
3/4 cup creme de cassis,,23
3/4 cup turbinado sugar,,23
3/4 dash cayenne pepper,,23
3/4 dash celery bitters,,23
3/4 dash citrus bitters,,23
3/4 dash orange bitters,,23
3/4 drop percent saline,,23
3/4 drop orange bitters,,23
3/4 floz peach schnapps,,23
3/4 large egg yolks (g),,23
"3/4 lb cucumber, peeled",,23
"3/4 medium beet, grated",,23
3/4 oz allspice bitters,,23
3/4 oz bonal (optional),,23
3/4 oz cocchi americano,,23
3/4 oz drinking vinegar,,23
3/4 oz granulated sugar,,23
3/4 oz grapefruit juice,,23
3/4 oz green chartreuse,,23
3/4 oz jalapeno tequila,,23
3/4 oz montenegro amaro,,23
3/4 oz orange marmalade,,23
"3/4 oz pineapple, diced",,23
3/4 oz reposado tequila,,23
"3/4 oz seltzer, chilled",,23
3/4 tbsp acid phosphate,,23
3/4 tbsp demerara sugar,,23
"3/4 tbsp ginger, minced",,23
3/4 tbsp orange curacao,,23
3/4 tbsp pumpkin butter,,23
3/4 tbsp sparkling wine,,23
3/4 tbsp sweet vermouth,,23
3/4 tbsp whole allspice,,23
3/4 tsp ground cinnamon,,23
3/4 tsp pimento bitters,,23
3/4 tsp salt (optional),,23
3/4 tsp superfine sugar,,23
3/4 tsp vanilla extract,,23
"3/4 wedge lemon, juiced",,23
300 g chocolate liqueur,,23
300 ml cocchi americano,,23
"300 ml seltzer, chilled",,23
"300ml kale juice, fresh",,23
300ml yellow chartreuse,,23
350 ml drinking vinegar,,23
350g maraschino liqueur,,23
350ml bornholmer bitter,,23
350ml pistachio liqueur,,23
4 floz chilled prosecco,,23
4 oz apple simple syrup,,23
4 teaspoons kosher salt,,23
"4 1/2 bottle cognac, ml",,23
"4 1/2 cup water, heated",,23
4 1/2 oz blanco tequila,,23
4 1/2 oz sweet vermouth,,23
"4 1/3 bottle cognac, ml",,23
"4 1/3 cup water, heated",,23
4 1/3 oz blanco tequila,,23
4 1/3 oz sweet vermouth,,23
4 1/4 oz apricot brandy,,23
"4 1/4 sprig mint, fresh",,23
4 1/4 tsp grand marnier,,23
4 1/8 oz white vermouth,,23
4 1/8 pinch smoked salt,,23
4 1/8 slice apple juice,,23
4 1/8 tsp grand marnier,,23
4 2/3 cup chicken stock,,23
4 2/3 oz rum (optional),,23
"4 2/3 oz water, boiling",,23
4 2/3 oz white vermouth,,23
4 3/4 cup half and half,,23
4 3/4 oz apricot brandy,,23
4 3/4 oz blanco tequila,,23
4 3/4 oz sparkling wine,,23
4 3/4 oz sweet vermouth,,23
"4 cloves garlic, sliced",,23
4 cup vanilla ice cream,,23
"4 oz club soda, chilled",,23
4 sparkling apple cider,,23
4 tablespoons olive oil,,23
"4 tbsp butter, softened",,23
400 g bornholmer bitter,,23
400 g the king's ginger,,23
400 ml cocchi americano,,23
400 ml drinking vinegar,,23
400 ml montenegro amaro,,23
400ml sage simple syrup,,23
450 g chilled champagne,,23
450 g pistachio liqueur,,23
450g tequila (optional),,23
450ml pomegranate juice,,23
5 large egg yolks (75g),,23
50 ml the king's ginger,,23
500 g bornholmer bitter,,23
500 g chilled champagne,,23
500 g the king's ginger,,23
500g genever (optional),,23
500g grape simple syrup,,23
50g chilled ginger beer,,23
"550 g lime juice, fresh",,23
550 g mint simple syrup,,23
550 ml amaro (optional),,23
550 ml grapefruit juice,,23
550ml chocolate liqueur,,23
"6 cup cranberry, sliced",,23
6 cups (ml) heavy cream,,23
6 oz basil simple syrup,,23
"6 oz club soda, chilled",,23
"6 oz lemon juice, fresh",,23
"6 oz strawberry, sliced",,23
"6 slice cucumber, fresh",,23
6 tsp whole fennel seed,,23
6 1/2 oz apricot brandy,,23
6 1/2 oz barolo chinato,,23
6 1/2 oz creme de cacao,,23
6 1/2 oz sweet vermouth,,23
6 1/2 oz walnut liqueur,,23
6 1/2 pinch brown sugar,,23
"6 1/2 qt water, chilled",,23
6 1/3 oz dubonnet rouge,,23
6 1/3 oz ginger liqueur,,23
"6 1/3 oz ginger, peeled",,23
6 1/3 oz sweet vermouth,,23
"6 1/3 oz water, boiling",,23
6 1/3 pinch kosher salt,,23
6 1/3 tsp harissa paste,,23
6 1/4 oz apricot brandy,,23
6 1/4 oz blanco tequila,,23
"6 1/4 oz celery, sliced",,23
6 1/4 oz creme de cacao,,23
6 1/4 oz ginger liqueur,,23
"6 1/4 oz water, boiling",,23
6 1/4 oz white vermouth,,23
6 1/4 tbsp cocoa powder,,23
6 1/8 dash simple syrup,,23
6 1/8 oz champagne acid,,23
6 1/8 oz rose champagne,,23
6 1/8 oz white vermouth,,23
6 1/8 tsp harissa paste,,23
6 1/8 twist orange zest,,23
6 2/3 dash simple syrup,,23
6 2/3 oz barolo chinato,,23
6 2/3 oz champagne acid,,23
"6 2/3 oz ginger, peeled",,23
6 2/3 oz rose champagne,,23
6 2/3 oz sweet vermouth,,23
6 2/3 tbsp simple syrup,,23
"6 3/4 cup water, heated",,23
6 3/4 oz blanco tequila,,23
"6 3/4 oz celery, sliced",,23
6 3/4 oz creme de cacao,,23
6 3/4 oz orange curacao,,23
6 3/4 oz walnut liqueur,,23
6 3/4 pinch kosher salt,,23
6 3/4 tbsp simple syrup,,23
6 3/4 twist orange zest,,23
"6 cloves garlic, minced",,23
"6 cloves garlic, sliced",,23
600 g pomegranate juice,,23
600 ml drinking vinegar,,23
600ml mint simple syrup,,23
650 ml granulated sugar,,23
"650g apple cider, fresh",,23
650g lemon simple syrup,,23
650g tequila (optional),,23
"650ml black coffee, hot",,23
"7 garlic cloves, peeled",,23
700 ml drinking vinegar,,23
700 ml reposado tequila,,23
700g maraschino liqueur,,23
700ml chilled champagne,,23
750 ml drinking vinegar,,23
750 ml vodka (optional),,23
750g grapefruit liqueur,,23
750ml pomegranate juice,,23
8 1/2 oz blanco tequila,,23
8 oz blood orange juice,,23
800 g chocolate liqueur,,23
800 g rich simple syrup,,23
800g grapefruit liqueur,,23
"800g lemon juice, fresh",,23
800ml angostura bitters,,23
"800ml kale juice, fresh",,23
"850 g lime juice, fresh",,23
850 ml granulated sugar,,23
850 ml green chartreuse,,23
850g lemon simple syrup,,23
850g single-malt scotch,,23
850ml chilled champagne,,23
"850ml kale juice, fresh",,23
900g basil simple syrup,,23
900g lemon simple syrup,,23
900ml chocolate liqueur,,23
"950 g black coffee, hot",,23
"950 g kale juice, fresh",,23
950 g rich simple syrup,,23
950ml bornholmer bitter,,23
additional fresh pepper,,23
"black pepper, as needed",,23
Cane Sugar Simple Syrup,,23
"cornstarch, as required",,23
cup charred lemon juice,,23
For serving: sour cream,,23
Four Roses Yellow Label,,23
kosher salt as required,,23
"Optional: lemon, halved",,23
Optional: 1 lemon twist,,23
Optional: 1 twist lemon,,23
Optional: 1/3 oz sherry,,23
Optional: 1/3 tsp sugar,,23
Optional: 1/4 oz pernod,,23
Optional: 1/4 tsp honey,,23
Optional: 1/8 lb tomato,,23
Optional: 1/8 lime zest,,23
Optional: 1/8 oz orgeat,,23
Optional: 12 oz campari,,23
Optional: 2 oz dark rum,,23
Optional: 2/3 oz scotch,,23
Optional: 3/4 club soda,,23
Optional: 3/4 tsp water,,23
Optional: 6 drop pernod,,23
Optional: Dijon mustard,,23
"oz apple cider, chilled",,23
Pinch red pepper flakes,,23
Powdered sugar to taste,,23
pumpkin pie for garnish,,23
Thinly sliced scallions,,23
1 dash angostura bitters,,24
1 oz chilled ginger beer,,24
"1 oz ginger juice, fresh",,24
1 oz grade B maple syrup,,24
1 teaspoon garlic powder,,24
1 1/2 cup filtered water,,24
1 1/2 cups boiling water,,24
1 1/2 cups vegetable oil,,24
1 1/2 tsp sherry vinegar,,24
"1 1/3 cup water, boiling",,24
1 1/3 oz cranberry juice,,24
1 1/3 tsp cherry heering,,24
1 1/4 dash lemon bitters,,24
1 1/4 oz cranberry juice,,24
1 1/8 dash lemon bitters,,24
1 1/8 Taste simple syrup,,24
1 1/8 tsp cherry heering,,24
1 2/3 cup filtered water,,24
1 2/3 oz apricot liqueur,,24
1 2/3 slice orange juice,,24
1 2/3 slice small orange,,24
1 2/3 Taste simple syrup,,24
1 2/3 tsp sherry vinegar,,24
"1 3/4 cup water, boiling",,24
1 3/4 oz apricot liqueur,,24
1 3/4 slice small orange,,24
"1 cup lemon juice, fresh",,24
1 dash angostura bitters,,24
1 dash peychauds bitters,,24
"1 large shallot, chopped",,24
"1 lb strawberry, trimmed",,24
"1 lemon, cut into rounds",,24
"1 nutmeg, freshly grated",,24
"1 onion, roughly chopped",,24
"1 orange twist, optional",,24
1 oz brut sparkling wine,,24
1 oz elderflower liqueur,,24
"1 oz ginger ale, chilled",,24
"1 oz orange juice, fresh",,24
"1 pinch cardamom, ground",,24
1 pinch tiny kosher salt,,24
1 recipe apple sharlotka,,24
1 recipe avgolemono soup,,24
1 recipe beef stroganoff,,24
1 recipe beef tenderloin,,24
1 recipe black bean soup,,24
1 recipe braised carrots,,24
1 recipe buckwheat blini,,24
1 recipe chewy rye bread,,24
1 recipe cranberry sauce,,24
1 recipe creamy coleslaw,,24
1 recipe cured egg yolks,,24
1 recipe easy fried rice,,24
1 recipe fresh egg pasta,,24
1 recipe hazelnut butter,,24
1 recipe jelly doughnuts,,24
1 recipe key lime sorbet,,24
1 recipe mashed potatoes,,24
1 recipe minestrone soup,,24
1 recipe oyster crackers,,24
1 recipe pasta primavera,,24
1 recipe raspberry shrub,,24
1 recipe red lentil soup,,24
1 recipe roasted carrots,,24
1 recipe seared scallops,,24
1 recipe shrimp cocktail,,24
1 recipe spinach lasagna,,24
1 recipe sunchoke gratin,,24
1 recipe tabbouleh salad,,24
1 recipe tacos al carbon,,24
1 recipe wild rice salad,,24
1 slice bread (optional),,24
1 tablespoon corn starch,,24
1 tablespoon dried basil,,24
1 tablespoon kosher salt,,24
1 tablespoon maple syrup,,24
1 tbsp edible gold flake,,24
1 teaspoon (5ml) Marmite,,24
1 teaspoon baking powder,,24
1 teaspoon Dijon mustard,,24
1 teaspoon dried oregano,,24
1 teaspoon garlic powder,,24
1 teaspoon sweet paprika,,24
1 teaspoon vegetable oil,,24
1 teaspoon white vinegar,,24
1 teaspoon whole aniseed,,24
1 tsp agave simple syrup,,24
1 tsp maraschino liqueur,,24
1/2 barspoon brown sugar,,24
"1/2 bottle cava, chilled",,24
1/2 clove cinnamon stick,,24
1/2 cup chopped cilantro,,24
"1/2 cup cranberry, fresh",,24
1/2 cup crushed ice cube,,24
1/2 cup dark brown sugar,,24
1/2 cup granulated sugar,,24
"1/2 cup seltzer, chilled",,24
1/2 cup sliced scallions,,24
1/2 cups (ml) whole milk,,24
1/2 dash vanilla extract,,24
1/2 egg white (optional),,24
"1/2 jalapeno, with seeds",,24
1/2 leaf lime (optional),,24
"1/2 leaf tarragon, fresh",,24
"1/2 lemon, thinly sliced",,24
"1/2 medium lemon, juiced",,24
"1/2 medium lemon, zested",,24
1/2 nectarine (optional),,24
1/2 oz angostura bitters,,24
"1/2 oz black coffee, hot",,24
1/2 oz bornholmer bitter,,24
1/2 oz chilled champagne,,24
1/2 oz chocolate liqueur,,24
1/2 oz cola simple syrup,,24
1/2 oz grapefruit radler,,24
"1/2 oz kale juice, fresh",,24
"1/2 oz lime juice, fresh",,24
1/2 oz mint simple syrup,,24
1/2 oz pistachio liqueur,,24
1/2 oz pomegranate juice,,24
"1/2 oz prosecco, chilled",,24
1/2 oz rich simple syrup,,24
1/2 oz sage simple syrup,,24
1/2 oz the king's ginger,,24
1/2 oz yellow chartreuse,,24
1/2 piece candied ginger,,24
"1/2 pt strawberry, diced",,24
"1/2 qt strawberry, split",,24
"1/2 tbsp jalapeno, diced",,24
"1/2 tbsp rosemary, fresh",,24
1/2 tbsp superfine sugar,,24
1/2 tbsp unsalted butter,,24
1/2 teaspoon baking soda,,24
1/2 teaspoon kosher salt,,24
1/2 to taste lemon juice,,24
1/2 tsp balsamic vinegar,,24
1/2 tsp black peppercorn,,24
1/2 tsp granulated sugar,,24
1/2 tsp orange marmalade,,24
1/2 whole cinnamon stick,,24
1/3 barspoon brown sugar,,24
"1/3 bottle cava, chilled",,24
1/3 clove cinnamon stick,,24
1/3 club soda (optional),,24
"1/3 cup cranberry, fresh",,24
1/3 cup crushed ice cube,,24
1/3 cup granulated sugar,,24
"1/3 cup seltzer, chilled",,24
1/3 cups (ml) whole milk,,24
1/3 dash vanilla extract,,24
"1/3 jalapeno, with seeds",,24
"1/3 leaf tarragon, fresh",,24
"1/3 lemon, thinly sliced",,24
"1/3 medium lemon, juiced",,24
"1/3 medium lemon, zested",,24
1/3 oz angostura bitters,,24
"1/3 oz black coffee, hot",,24
1/3 oz bornholmer bitter,,24
1/3 oz chilled champagne,,24
1/3 oz chocolate liqueur,,24
1/3 oz cola simple syrup,,24
1/3 oz grapefruit radler,,24
"1/3 oz kale juice, fresh",,24
"1/3 oz lime juice, fresh",,24
1/3 oz mint simple syrup,,24
1/3 oz pistachio liqueur,,24
1/3 oz pomegranate juice,,24
"1/3 oz prosecco, chilled",,24
1/3 oz rich simple syrup,,24
1/3 oz sage simple syrup,,24
1/3 oz the king's ginger,,24
1/3 oz yellow chartreuse,,24
1/3 piece candied ginger,,24
"1/3 pt strawberry, diced",,24
"1/3 qt strawberry, split",,24
"1/3 tbsp jalapeno, diced",,24
"1/3 tbsp rosemary, fresh",,24
1/3 tbsp superfine sugar,,24
1/3 tbsp unsalted butter,,24
1/3 teaspoon baking soda,,24
1/3 teaspoon kosher salt,,24
1/3 to taste lemon juice,,24
1/3 tsp balsamic vinegar,,24
1/3 tsp black peppercorn,,24
1/3 tsp granulated sugar,,24
1/3 tsp orange marmalade,,24
1/3 whole cinnamon stick,,24
1/4 barspoon brown sugar,,24
"1/4 bottle cava, chilled",,24
1/4 clove cinnamon stick,,24
"1/4 cup cranberry, fresh",,24
1/4 cup crushed ice cube,,24
1/4 cup granulated sugar,,24
1/4 cup red wine vinegar,,24
"1/4 cup seltzer, chilled",,24
1/4 cups (ml) whole milk,,24
1/4 dash vanilla extract,,24
1/4 in ginger (optional),,24
"1/4 jalapeno, with seeds",,24
"1/4 leaf tarragon, fresh",,24
"1/4 lemon, thinly sliced",,24
"1/4 medium lemon, juiced",,24
"1/4 medium lemon, zested",,24
1/4 oz angostura bitters,,24
"1/4 oz black coffee, hot",,24
1/4 oz bornholmer bitter,,24
1/4 oz chilled champagne,,24
1/4 oz chocolate liqueur,,24
1/4 oz cola simple syrup,,24
1/4 oz grapefruit radler,,24
"1/4 oz kale juice, fresh",,24
"1/4 oz lime juice, fresh",,24
1/4 oz mint simple syrup,,24
1/4 oz pistachio liqueur,,24
1/4 oz pomegranate juice,,24
"1/4 oz prosecco, chilled",,24
1/4 oz rich simple syrup,,24
1/4 oz sage simple syrup,,24
1/4 oz the king's ginger,,24
1/4 oz yellow chartreuse,,24
1/4 piece candied ginger,,24
"1/4 pt strawberry, diced",,24
"1/4 qt strawberry, split",,24
"1/4 tbsp jalapeno, diced",,24
"1/4 tbsp rosemary, fresh",,24
1/4 tbsp superfine sugar,,24
1/4 tbsp unsalted butter,,24
1/4 teaspoon baking soda,,24
1/4 teaspoon kosher salt,,24
1/4 to taste lemon juice,,24
1/4 tsp balsamic vinegar,,24
1/4 tsp black peppercorn,,24
1/4 tsp granulated sugar,,24
1/4 tsp orange marmalade,,24
1/4 whole cinnamon stick,,24
1/8 barspoon brown sugar,,24
"1/8 bottle cava, chilled",,24
1/8 clove cinnamon stick,,24
"1/8 cup cranberry, fresh",,24
1/8 cup crushed ice cube,,24
1/8 cup granulated sugar,,24
"1/8 cup seltzer, chilled",,24
1/8 cups (ml) whole milk,,24
1/8 dash vanilla extract,,24
"1/8 jalapeno, with seeds",,24
"1/8 leaf tarragon, fresh",,24
"1/8 lemon, thinly sliced",,24
"1/8 medium lemon, juiced",,24
"1/8 medium lemon, zested",,24
1/8 oz angostura bitters,,24
"1/8 oz black coffee, hot",,24
1/8 oz bornholmer bitter,,24
1/8 oz chilled champagne,,24
1/8 oz chocolate liqueur,,24
1/8 oz cola simple syrup,,24
1/8 oz grapefruit radler,,24
"1/8 oz kale juice, fresh",,24
"1/8 oz lime juice, fresh",,24
1/8 oz mint simple syrup,,24
1/8 oz pistachio liqueur,,24
1/8 oz pomegranate juice,,24
"1/8 oz prosecco, chilled",,24
1/8 oz rich simple syrup,,24
1/8 oz sage simple syrup,,24
1/8 oz the king's ginger,,24
1/8 oz yellow chartreuse,,24
1/8 piece candied ginger,,24
"1/8 pt strawberry, diced",,24
"1/8 qt strawberry, split",,24
"1/8 tbsp jalapeno, diced",,24
"1/8 tbsp rosemary, fresh",,24
1/8 tbsp superfine sugar,,24
1/8 tbsp unsalted butter,,24
1/8 teaspoon baking soda,,24
1/8 teaspoon kosher salt,,24
1/8 to taste lemon juice,,24
1/8 tsp balsamic vinegar,,24
1/8 tsp black peppercorn,,24
1/8 tsp granulated sugar,,24
1/8 tsp orange marmalade,,24
1/8 whole cinnamon stick,,24
100 g grapefruit liqueur,,24
100 g high-proof bourbon,,24
100 g single-malt scotch,,24
100 g tequila (optional),,24
100 ml bornholmer bitter,,24
1000 g bornholmer bitter,,24
"1000 g lime juice, fresh",,24
1000 ml cocchi americano,,24
1000 ml drinking vinegar,,24
"1000ml lime juice, fresh",,24
1000ml the king's ginger,,24
100g brut sparkling wine,,24
100g ice cube (optional),,24
"100ml apple cider, fresh",,24
100ml grape simple syrup,,24
"1050 g kale juice, fresh",,24
1050 ml allspice bitters,,24
1050 ml vodka (optional),,24
1050ml rich simple syrup,,24
1100 g the king's ginger,,24
1100 ml drinking vinegar,,24
1100 ml grapefruit juice,,24
1100 ml reposado tequila,,24
1150 g yellow chartreuse,,24
1150g tequila (optional),,24
1150ml bornholmer bitter,,24
1150ml chilled champagne,,24
1150ml rich simple syrup,,24
1150ml sage simple syrup,,24
12 bottle cheap red wine,,24
"12 bottle dry rose, cold",,24
12 dried guajillo chiles,,24
12 oz dry sparkling wine,,24
12 oz grape simple syrup,,24
12 oz high-proof bourbon,,24
12 oz single-malt scotch,,24
12 tbsp whole cumin seed,,24
12 1/2 floz orange juice,,24
12 1/3 bottle duvel beer,,24
"12 1/3 in ginger, peeled",,24
12 1/3 oz apricot brandy,,24
12 1/3 oz blanco tequila,,24
12 1/3 oz champagne acid,,24
12 1/3 oz creme de cacao,,24
12 1/3 oz dry white wine,,24
12 1/3 oz ginger liqueur,,24
12 1/3 oz sweet vermouth,,24
12 1/4 oz sweet vermouth,,24
12 1/8 bottle duvel beer,,24
"12 1/8 cup peach, frozen",,24
12 1/8 oz creme de cacao,,24
12 1/8 oz sweet vermouth,,24
"12 2/3 bottle cognac, ml",,24
"12 2/3 cup peach, frozen",,24
12 2/3 oz blanco tequila,,24
12 2/3 oz champagne acid,,24
12 2/3 oz dry white wine,,24
"12 2/3 oz ginger, peeled",,24
12 2/3 oz sweet vermouth,,24
12 3/4 oz creme de cacao,,24
12 ounces bucatini pasta,,24
"1200 g black coffee, hot",,24
1200 g sage simple syrup,,24
1200 ml cocchi americano,,24
1200 ml drinking vinegar,,24
"1200ml lime juice, fresh",,24
1200ml rich simple syrup,,24
1200ml sage simple syrup,,24
1250 g bornholmer bitter,,24
1250 g chilled champagne,,24
"1250 g kale juice, fresh",,24
1250 g rich simple syrup,,24
1250 ml allspice bitters,,24
1250 ml drinking vinegar,,24
1250 ml granulated sugar,,24
"1250 ml seltzer, chilled",,24
1250g grape simple syrup,,24
1250ml bornholmer bitter,,24
1300 g chilled champagne,,24
1300 g sage simple syrup,,24
"1300 ml seltzer, chilled",,24
1300g basil simple syrup,,24
1300ml chilled champagne,,24
1300ml the king's ginger,,24
1350 g mint simple syrup,,24
1350 ml green chartreuse,,24
"1350g lemon juice, fresh",,24
"1350g strawberry, sliced",,24
1350ml mint simple syrup,,24
1350ml yellow chartreuse,,24
1400 g yellow chartreuse,,24
1400 ml green chartreuse,,24
1400g lemon simple syrup,,24
1450 ml amaro (optional),,24
1450 ml grapefruit juice,,24
"1450ml kale juice, fresh",,24
"150 g strawberry, sliced",,24
1500 g bornholmer bitter,,24
"1500g apple cider, fresh",,24
1500g basil simple syrup,,24
1500g single-malt scotch,,24
1500ml sage simple syrup,,24
"150g ginger ale, chilled",,24
150ml grape simple syrup,,24
2 dash angostura bitters,,24
"2 lemon, cut into wheels",,24
2 ounces grated Parmesan,,24
"2 pinch cardamom, ground",,24
2 1/2 cup small ice cube,,24
2 1/2 cups chicken broth,,24
2 1/2 dash grand marnier,,24
2 1/2 oz evaporated milk,,24
2 1/2 star crushed anise,,24
2 1/3 cup apple schnapps,,24
2 1/3 dash grand marnier,,24
2 1/3 oz pineapple juice,,24
2 1/3 pod green cardamom,,24
2 1/3 tsp cherry heering,,24
2 1/4 oz creme de menthe,,24
2 1/4 oz evaporated milk,,24
2 1/4 oz Jameson whiskey,,24
2 1/4 tsp whole allspice,,24
2 1/8 oz Jameson whiskey,,24
2 1/8 oz unsalted butter,,24
2 1/8 tsp cherry heering,,24
2 2/3 dash fernet branca,,24
2 2/3 oz cranberry juice,,24
2 2/3 oz fresh egg white,,24
2 2/3 oz unsalted butter,,24
2 2/3 star crushed anise,,24
2 2/3 tsp dried lavender,,24
2 3/4 dash fernet branca,,24
2 3/4 oz cranberry juice,,24
2 3/4 oz pineapple juice,,24
"2 cloves garlic, chopped",,24
2 cups (455g) whole milk,,24
2 cups all-purpose flour,,24
"2 cups wild rice, rinsed",,24
2 dash angostura bitters,,24
2 dash burlesque bitters,,24
2 dash chocolate bitters,,24
2 dash peychauds bitters,,24
"2 limes, cut into wedges",,24
"2 medium onions, chopped",,24
"2 medium tomatoes, diced",,24
"2 medium zucchini, diced",,24
2 oz cherry simple syrup,,24
2 tablespoons canola oil,,24
2 Tablespoons Chia Seeds,,24
2 tbsp dried ancho chile,,24
2 Tbsp. red wine vinegar,,24
2 teaspoons black pepper,,24
2 teaspoons curry powder,,24
2 teaspoons ground cumin,,24
2 tsp maraschino liqueur,,24
2/3 barspoon brown sugar,,24
"2/3 bottle cava, chilled",,24
2/3 clove cinnamon stick,,24
"2/3 cup cranberry, fresh",,24
2/3 cup crushed ice cube,,24
2/3 cup granulated sugar,,24
"2/3 cup seltzer, chilled",,24
2/3 cups (ml) whole milk,,24
2/3 dash vanilla extract,,24
"2/3 jalapeno, with seeds",,24
"2/3 leaf tarragon, fresh",,24
"2/3 lemon, thinly sliced",,24
"2/3 medium lemon, juiced",,24
"2/3 medium lemon, zested",,24
2/3 oz angostura bitters,,24
"2/3 oz black coffee, hot",,24
2/3 oz bornholmer bitter,,24
2/3 oz chilled champagne,,24
2/3 oz chocolate liqueur,,24
2/3 oz cola simple syrup,,24
2/3 oz grapefruit radler,,24
"2/3 oz kale juice, fresh",,24
"2/3 oz lime juice, fresh",,24
2/3 oz mint simple syrup,,24
2/3 oz pistachio liqueur,,24
2/3 oz pomegranate juice,,24
"2/3 oz prosecco, chilled",,24
2/3 oz rich simple syrup,,24
2/3 oz sage simple syrup,,24
2/3 oz the king's ginger,,24
2/3 oz yellow chartreuse,,24
2/3 piece candied ginger,,24
"2/3 pt strawberry, diced",,24
"2/3 qt strawberry, split",,24
"2/3 tbsp jalapeno, diced",,24
"2/3 tbsp rosemary, fresh",,24
2/3 tbsp superfine sugar,,24
2/3 tbsp unsalted butter,,24
2/3 teaspoon baking soda,,24
2/3 teaspoon kosher salt,,24
2/3 to taste lemon juice,,24
2/3 tsp balsamic vinegar,,24
2/3 tsp black peppercorn,,24
2/3 tsp granulated sugar,,24
2/3 tsp orange marmalade,,24
2/3 whole cinnamon stick,,24
200 g high-proof bourbon,,24
"200 g strawberry, sliced",,24
200 ml angostura bitters,,24
200 ml bornholmer bitter,,24
200 ml chilled champagne,,24
200 ml sage simple syrup,,24
200g elderflower liqueur,,24
200ml lemon simple syrup,,24
250 g maraschino liqueur,,24
250 ml bornholmer bitter,,24
250 ml chocolate liqueur,,24
250g elderflower liqueur,,24
"250g ginger juice, fresh",,24
250ml genever (optional),,24
"3 cup lemon juice, fresh",,24
3 dash angostura bitters,,24
3 oz calvados (optional),,24
3 oz ginger simple syrup,,24
"3 oz orange juice, fresh",,24
"3 1/2 cup cherry, pitted",,24
"3 1/2 cup water, boiling",,24
3 1/2 oz coconut seltzer,,24
3 1/2 oz fresh egg white,,24
3 1/2 tsp orange bitters,,24
3 1/3 cup sparkling wine,,24
"3 1/3 cup water, boiling",,24
3 1/3 oz apricot liqueur,,24
3 1/3 oz coconut seltzer,,24
"3 1/3 small lime, zested",,24
"3 1/4 club soda, chilled",,24
"3 1/8 club soda, chilled",,24
3 1/8 cup small ice cube,,24
3 1/8 cup sparkling wine,,24
3 1/8 oz apricot liqueur,,24
3 1/8 oz grapefruit soda,,24
3 1/8 oz unsalted butter,,24
3 1/8 slice orange juice,,24
"3 1/8 strawberry, halved",,24
3 1/8 tablespoons chives,,24
3 2/3 cup ( grams) water,,24
3 2/3 oz apricot liqueur,,24
3 2/3 tablespoons chives,,24
3 2/3 tsp orange bitters,,24
3 3/4 cup small ice cube,,24
"3 3/4 cup water, boiling",,24
3 3/4 oz apricot liqueur,,24
3 3/4 oz unsalted butter,,24
"3 3/4 small lime, zested",,24
"3 3/4 strawberry, halved",,24
3 3/4 tsp orange bitters,,24
"3 cloves garlic, smashed",,24
3 cups all-purpose flour,,24
3 dash angostura bitters,,24
3 dash peychauds bitters,,24
"3 garlic cloves, divided",,24
"3 lemon, cut into wheels",,24
"3 limes, cut into wedges",,24
3 tablespoons dry sherry,,24
3 tbsp nutritional yeast,,24
3 Tbsp. granulated sugar,,24
3/4 barspoon brown sugar,,24
"3/4 bottle cava, chilled",,24
3/4 clove cinnamon stick,,24
"3/4 cup cranberry, fresh",,24
3/4 cup crushed ice cube,,24
3/4 cup granulated sugar,,24
"3/4 cup seltzer, chilled",,24
3/4 cups (ml) whole milk,,24
3/4 dash vanilla extract,,24
"3/4 jalapeno, with seeds",,24
"3/4 leaf tarragon, fresh",,24
"3/4 lemon, thinly sliced",,24
"3/4 medium lemon, juiced",,24
"3/4 medium lemon, zested",,24
3/4 oz angostura bitters,,24
"3/4 oz black coffee, hot",,24
3/4 oz bornholmer bitter,,24
3/4 oz chilled champagne,,24
3/4 oz chocolate liqueur,,24
3/4 oz cola simple syrup,,24
3/4 oz grapefruit radler,,24
"3/4 oz kale juice, fresh",,24
"3/4 oz lime juice, fresh",,24
3/4 oz mint simple syrup,,24
3/4 oz pistachio liqueur,,24
3/4 oz pomegranate juice,,24
"3/4 oz prosecco, chilled",,24
3/4 oz rich simple syrup,,24
3/4 oz sage simple syrup,,24
3/4 oz the king's ginger,,24
3/4 oz yellow chartreuse,,24
3/4 piece candied ginger,,24
"3/4 pt strawberry, diced",,24
"3/4 qt strawberry, split",,24
"3/4 tbsp jalapeno, diced",,24
"3/4 tbsp rosemary, fresh",,24
3/4 tbsp superfine sugar,,24
3/4 tbsp unsalted butter,,24
3/4 teaspoon baking soda,,24
3/4 teaspoon kosher salt,,24
3/4 to taste lemon juice,,24
3/4 tsp balsamic vinegar,,24
3/4 tsp black peppercorn,,24
3/4 tsp granulated sugar,,24
3/4 tsp honey (optional),,24
3/4 tsp orange marmalade,,24
3/4 whole cinnamon stick,,24
"300 ml kale juice, fresh",,24
"300g celery juice, fresh",,24
300g elderflower liqueur,,24
350 g genever (optional),,24
350 ml chilled champagne,,24
350 ml sage simple syrup,,24
"350g ginger ale, chilled",,24
350g wholemeal spaghetti,,24
350ml high-proof bourbon,,24
350ml lemon simple syrup,,24
4 cups ( ml) heavy cream,,24
"4 oz orange juice, fresh",,24
4 tsp agave simple syrup,,24
"4 1/2 cup cherry, pitted",,24
4 1/2 oz pineapple juice,,24
4 1/2 pinch chile powder,,24
"4 1/2 small lime, zested",,24
"4 1/2 strawberry, halved",,24
4 1/2 tsp orange bitters,,24
"4 1/3 club soda, chilled",,24
4 1/3 tsp orange bitters,,24
4 1/4 oz pineapple juice,,24
4 1/8 cup apple schnapps,,24
"4 1/8 cup cherry, pitted",,24
"4 1/8 cup water, boiling",,24
4 1/8 dash lemon bitters,,24
4 1/8 oz creme de cassis,,24
4 1/8 tsp almond extract,,24
4 2/3 dash lemon bitters,,24
4 2/3 oz apricot liqueur,,24
4 2/3 tsp almond extract,,24
"4 3/4 club soda, chilled",,24
4 3/4 cup apple schnapps,,24
4 3/4 oz pineapple juice,,24
"4 3/4 small lime, zested",,24
"4 cloves garlic, chopped",,24
"4 cup apple cider, fresh",,24
4 dash angostura bitters,,24
4 drop 20 percent saline,,24
"4 garlic cloves, smashed",,24
"4 oz hard cider, chilled",,24
"400 ml black coffee, hot",,24
400 ml sage simple syrup,,24
400 ml yellow chartreuse,,24
400ml tequila (optional),,24
450 ml bornholmer bitter,,24
450g brut sparkling wine,,24
450ml tequila (optional),,24
"5 slice cucumber, peeled",,24
"50 g ginger juice, fresh",,24
"50 ml lemon juice, fresh",,24
"500 g apple cider, fresh",,24
500g strong black coffee,,24
"500ml apple cider, fresh",,24
500ml maraschino liqueur,,24
"50g cool, filtered water",,24
"50ml ginger ale, chilled",,24
550 g grape simple syrup,,24
550 ml the king's ginger,,24
550g cherry simple syrup,,24
"550g ginger juice, fresh",,24
550ml single-malt scotch,,24
"6 cup apple cider, fresh",,24
6 dash angostura bitters,,24
6 oz dark rum (optional),,24
6 oz elderflower liqueur,,24
6 pounds russet potatoes,,24
6 teaspoon garlic powder,,24
6 tsp maraschino liqueur,,24
6 1/2 oz creme de menthe,,24
6 1/2 oz grapefruit soda,,24
6 1/3 cup ( grams) water,,24
6 1/3 cup demerara sugar,,24
"6 1/3 cup water, boiling",,24
6 1/3 pinch chile powder,,24
"6 1/3 sprig thyme, fresh",,24
6 1/4 cup demerara sugar,,24
6 1/4 large orange twist,,24
6 1/4 pinch chile powder,,24
"6 1/4 sprig thyme, fresh",,24
"6 1/8 cup water, boiling",,24
6 1/8 large orange twist,,24
6 1/8 oz evaporated milk,,24
6 1/8 oz grapefruit soda,,24
6 1/8 pod green cardamom,,24
6 1/8 tsp sherry vinegar,,24
6 2/3 dash lemon bitters,,24
"6 2/3 oz club soda, cold",,24
6 2/3 oz evaporated milk,,24
6 2/3 pod green cardamom,,24
6 3/4 oz cava (optional),,24
"6 3/4 oz club soda, cold",,24
6 3/4 oz pineapple juice,,24
6 3/4 tsp sherry vinegar,,24
"6 cloves garlic, crushed",,24
6 dash angostura bitters,,24
6 dash peychauds bitters,,24
6 ounces grated Parmesan,,24
6 oz strong black coffee,,24
"600 ml lime juice, fresh",,24
600g elderflower liqueur,,24
600g grade B maple syrup,,24
600ml basil simple syrup,,24
"600ml lemon juice, fresh",,24
600ml tequila (optional),,24
650 g tequila (optional),,24
"650 ml black coffee, hot",,24
650 ml chilled champagne,,24
650 ml pistachio liqueur,,24
650g brut sparkling wine,,24
650ml lemon simple syrup,,24
"650ml strawberry, sliced",,24
7 1/4 cups chicken stock,,24
7 dash angostura bitters,,24
7 dash peychauds bitters,,24
"700 g apple cider, fresh",,24
700 g grape simple syrup,,24
700 ml pistachio liqueur,,24
"700g ginger juice, fresh",,24
"700g hard cider, chilled",,24
750 g grapefruit liqueur,,24
750 g maraschino liqueur,,24
750 ml yellow chartreuse,,24
750g strong black coffee,,24
8 dash angostura bitters,,24
8 oz chilled ginger beer,,24
8 slices sourdough bread,,24
800g elderflower liqueur,,24
850 g basil simple syrup,,24
"850 g lemon juice, fresh",,24
850 ml angostura bitters,,24
850g elderflower liqueur,,24
"850ml strawberry, sliced",,24
"900 ml kale juice, fresh",,24
900 ml rich simple syrup,,24
900g brut sparkling wine,,24
900ml lemon simple syrup,,24
"950 g apple cider, fresh",,24
950 g basil simple syrup,,24
950 g lemon simple syrup,,24
950 ml chocolate liqueur,,24
"950 ml lime juice, fresh",,24
950 ml sage simple syrup,,24
950g cherry simple syrup,,24
950g elderflower liqueur,,24
"950g ginger juice, fresh",,24
950ml maraschino liqueur,,24
additional fresh parsley,,24
additional melted butter,,24
additional minced chives,,24
Cherries in Heavy Syrup:,,24
Cherries in Light Syrup:,,24
"fresh basil, for serving",,24
"Greek yogurt, to garnish",,24
"Lime wedges, for serving",,24
Optional: cup cold water,,24
Optional: large egg yolk,,24
Optional: leaf pineapple,,24
Optional: oz lemon juice,,24
Optional: wheel cucumber,,24
Optional: 1 oz club soda,,24
Optional: 1 1/4 oz honey,,24
Optional: 1 yellow onion,,24
Optional: 1/2 drop water,,24
Optional: 1/2 oz campari,,24
Optional: 1/2 oz genever,,24
Optional: 1/2 ripe peach,,24
Optional: 1/2 tsp cognac,,24
Optional: 1/4 lemon zest,,24
Optional: 1/4 oz bourbon,,24
Optional: 1/8 twist lime,,24
Optional: 12 1/3 cup gin,,24
Optional: 12 whole clove,,24
Optional: 2 wedge orange,,24
Optional: 2 3/4 oz vodka,,24
Optional: 2/3 cup cognac,,24
Optional: 2/3 qt seltzer,,24
Optional: 3 1/8 ice cube,,24
Optional: 3 1/8 oz vodka,,24
Optional: 3/4 slice lime,,24
Optional: 3/4 strawberry,,24
Optional: 3/4 sugar cube,,24
Optional: 4 2/3 cup mint,,24
Optional: 5 slices bread,,24
Optional: 6 2/3 egg yolk,,24
Optional: 6 slices bread,,24
oz demerara simple syrup,,24
salt and pepper to taste,,24
"Scallions, sliced finely",,24
Sliced cheese (optional),,24
"vegetable oil, as needed",,24
whipped topping optional,,24
Woodford Reserve Bourbon,,24
1 cup molasses or treacle,,25
1 1/2 cup turbinado sugar,,25
1 1/2 dash orange bitters,,25
1 1/2 oz allspice bitters,,25
1 1/2 oz cocchi americano,,25
1 1/2 oz granulated sugar,,25
1 1/2 oz green chartreuse,,25
1 1/2 oz montenegro amaro,,25
"1 1/2 oz pineapple, diced",,25
1 1/2 oz reposado tequila,,25
1 1/2 tsp ground cinnamon,,25
1 1/2 tsp superfine sugar,,25
1 1/2 tsp vanilla extract,,25
"1 1/2 tsp. sugar, divided",,25
1 1/3 dash orange bitters,,25
1 1/3 ice cube (optional),,25
1 1/3 oz cocchi americano,,25
1 1/3 oz montenegro amaro,,25
"1 1/3 oz seltzer, chilled",,25
"1 1/3 tbsp ginger, minced",,25
"1 1/4 medium beet, grated",,25
1 1/4 oz allspice bitters,,25
1 1/4 oz reposado tequila,,25
1 1/4 oz vodka (optional),,25
1 1/4 tsp vanilla extract,,25
1 1/8 clove medium garlic,,25
1 1/8 dash orange bitters,,25
1 1/8 oz granulated sugar,,25
1 1/8 oz green chartreuse,,25
"1 1/8 oz pineapple, diced",,25
1 1/8 oz reposado tequila,,25
"1 1/8 oz seltzer, chilled",,25
"1 1/8 tbsp ginger, minced",,25
1 1/8 tsp vanilla extract,,25
1 2/3 clove medium garlic,,25
1 2/3 dash orange bitters,,25
1 2/3 oz cocchi americano,,25
1 2/3 oz green chartreuse,,25
1 2/3 oz montenegro amaro,,25
"1 2/3 oz seltzer, chilled",,25
"1 3/4 medium beet, grated",,25
1 3/4 oz allspice bitters,,25
1 3/4 tsp ground cinnamon,,25
1 cup apple cider vinegar,,25
1 cup charred lemon juice,,25
"1 cup dry lentils, rinsed",,25
"1 cup orange juice, fresh",,25
"1 dash lemon juice, fresh",,25
"1 large tomato, quartered",,25
"1 oz apple cider, chilled",,25
1 oz pureed concord grape,,25
1 pound dried penne pasta,,25
1 recipe basic fish tacos,,25
1 recipe blueberry buckle,,25
1 recipe ceviche de mango,,25
1 recipe chicken shawarma,,25
1 recipe chocolate mousse,,25
1 recipe chocolate scones,,25
1 recipe clarified butter,,25
1 recipe cognac pan sauce,,25
1 recipe easy black beans,,25
1 recipe easy lentil soup,,25
1 recipe gingerbread cake,,25
1 recipe greek orzo salad,,25
1 recipe hard boiled eggs,,25
1 recipe melting potatoes,,25
1 recipe mustard coleslaw,,25
1 recipe orange marmalade,,25
1 recipe oven pulled pork,,25
1 recipe potato leek soup,,25
1 recipe shepherd%27s pie,,25
1 recipe soft boiled eggs,,25
1 recipe turkey meatballs,,25
1 recipe tuscan beef stew,,25
1 recipe vegetarian chili,,25
1 recipe vinegar coleslaw,,25
1 recipe watermelon salad,,25
"1 slice dried pear, fresh",,25
1 tablespoon (15ml) water,,25
1 tablespoon curry powder,,25
1 tablespoon garam masala,,25
1 tablespoon ground cumin,,25
1 tablespoon hoisin sauce,,25
1 tablespoon oyster sauce,,25
1 tablespoon tahini paste,,25
1 tablespoon tomato paste,,25
"1 tbsp lemon zest, grated",,25
1 teaspoon cayenne pepper,,25
1/2 bay leaves (optional),,25
1/2 bottle cheap red wine,,25
"1/2 bottle dry rose, cold",,25
1/2 bottle dry white wine,,25
1/2 can maraschino cherry,,25
1/2 cup (120ml) soy sauce,,25
1/2 cup all-purpose flour,,25
1/2 cup chopped pineapple,,25
1/2 cup chopped scallions,,25
"1/2 cup cranberry, sliced",,25
1/2 cup pomegranate seeds,,25
1/2 cup rice wine vinegar,,25
1/2 cup vanilla ice cream,,25
1/2 cup whole wheat flour,,25
1/2 cup yellow chartreuse,,25
1/2 cups (ml) heavy cream,,25
1/2 dash green chartreuse,,25
1/2 drop water (optional),,25
1/2 floz chilled prosecco,,25
"1/2 in fresh pasta, fresh",,25
"1/2 lemon twist, optional",,25
"1/2 medium onion, chopped",,25
1/2 ounces (ml) Cointreau,,25
"1/2 oz apple cider, fresh",,25
1/2 oz apple simple syrup,,25
1/2 oz basil simple syrup,,25
1/2 oz blood orange juice,,25
"1/2 oz champagne, chilled",,25
"1/2 oz club soda, chilled",,25
1/2 oz dry orange curacao,,25
1/2 oz dry sparkling wine,,25
1/2 oz grape simple syrup,,25
1/2 oz grapefruit liqueur,,25
1/2 oz grapefruit seltzer,,25
1/2 oz high-proof bourbon,,25
1/2 oz honey simple syrup,,25
"1/2 oz lemon juice, fresh",,25
1/2 oz lemon simple syrup,,25
1/2 oz maraschino liqueur,,25
1/2 oz seltzer (optional),,25
1/2 oz single-malt scotch,,25
"1/2 oz strawberry, sliced",,25
1/2 oz tequila (optional),,25
"1/2 slice cucumber, fresh",,25
1/2 sparkling apple cider,,25
1/2 splash cherry heering,,25
"1/2 sprig rosemary, fresh",,25
"1/2 tbsp butter, softened",,25
1/2 tbsp cranberry sorbet,,25
1/2 tbsp dark brown sugar,,25
1/2 tbsp granulated sugar,,25
1/2 tbsp whole cumin seed,,25
1/2 teaspoon ground cumin,,25
1/2 teaspoon onion powder,,25
1/2 teaspoon white pepper,,25
1/2 teaspoon whole cloves,,25
1/2 teaspoons kosher salt,,25
1/2 tsp angostura bitters,,25
1/2 tsp creme de violette,,25
1/2 tsp whole fennel seed,,25
1/3 bottle cheap red wine,,25
"1/3 bottle dry rose, cold",,25
1/3 bottle dry white wine,,25
1/3 can maraschino cherry,,25
1/3 cup all-purpose flour,,25
1/3 cup chopped pineapple,,25
"1/3 cup cranberry, sliced",,25
1/3 cup vanilla ice cream,,25
1/3 cup yellow chartreuse,,25
1/3 cups (ml) heavy cream,,25
1/3 dash green chartreuse,,25
1/3 floz chilled prosecco,,25
"1/3 in fresh pasta, fresh",,25
"1/3 lemon twist, optional",,25
1/3 ounces (ml) Cointreau,,25
"1/3 oz apple cider, fresh",,25
1/3 oz apple simple syrup,,25
1/3 oz basil simple syrup,,25
1/3 oz blood orange juice,,25
"1/3 oz champagne, chilled",,25
"1/3 oz club soda, chilled",,25
1/3 oz dry orange curacao,,25
1/3 oz dry sparkling wine,,25
1/3 oz grape simple syrup,,25
1/3 oz grapefruit liqueur,,25
1/3 oz grapefruit seltzer,,25
1/3 oz high-proof bourbon,,25
1/3 oz honey simple syrup,,25
"1/3 oz lemon juice, fresh",,25
1/3 oz lemon simple syrup,,25
1/3 oz maraschino liqueur,,25
1/3 oz single-malt scotch,,25
"1/3 oz strawberry, sliced",,25
"1/3 slice cucumber, fresh",,25
1/3 sparkling apple cider,,25
1/3 splash cherry heering,,25
"1/3 sprig rosemary, fresh",,25
1/3 strawberry (optional),,25
"1/3 tbsp butter, softened",,25
1/3 tbsp cranberry sorbet,,25
1/3 tbsp dark brown sugar,,25
1/3 tbsp granulated sugar,,25
1/3 tbsp whole cumin seed,,25
1/3 teaspoon onion powder,,25
1/3 teaspoons kosher salt,,25
1/3 tsp angostura bitters,,25
1/3 tsp creme de violette,,25
1/3 tsp whole fennel seed,,25
1/3 twist lime (optional),,25
1/4 bay leaves (optional),,25
1/4 bottle cheap red wine,,25
"1/4 bottle dry rose, cold",,25
1/4 bottle dry white wine,,25
1/4 can maraschino cherry,,25
1/4 cup (60ml) mayonnaise,,25
1/4 cup (60ml) sour cream,,25
1/4 cup all-purpose flour,,25
1/4 cup boiled green peas,,25
1/4 cup chopped pineapple,,25
"1/4 cup cranberry, sliced",,25
1/4 cup rice wine vinegar,,25
1/4 cup vanilla ice cream,,25
1/4 cup yellow chartreuse,,25
1/4 cups (ml) heavy cream,,25
1/4 dash green chartreuse,,25
1/4 floz chilled prosecco,,25
"1/4 in fresh pasta, fresh",,25
"1/4 lemon twist, optional",,25
1/4 ounces (ml) Cointreau,,25
"1/4 oz apple cider, fresh",,25
1/4 oz apple simple syrup,,25
1/4 oz basil simple syrup,,25
1/4 oz blood orange juice,,25
"1/4 oz champagne, chilled",,25
"1/4 oz club soda, chilled",,25
1/4 oz curacao (optional),,25
1/4 oz dry orange curacao,,25
1/4 oz dry sparkling wine,,25
1/4 oz grape simple syrup,,25
1/4 oz grapefruit liqueur,,25
1/4 oz grapefruit seltzer,,25
1/4 oz high-proof bourbon,,25
1/4 oz honey simple syrup,,25
"1/4 oz lemon juice, fresh",,25
1/4 oz lemon simple syrup,,25
1/4 oz maraschino liqueur,,25
1/4 oz single-malt scotch,,25
"1/4 oz strawberry, sliced",,25
"1/4 slice cucumber, fresh",,25
1/4 slice lime (optional),,25
1/4 sparkling apple cider,,25
1/4 splash cherry heering,,25
"1/4 sprig rosemary, fresh",,25
"1/4 tbsp butter, softened",,25
1/4 tbsp cranberry sorbet,,25
1/4 tbsp dark brown sugar,,25
1/4 tbsp granulated sugar,,25
1/4 tbsp water (optional),,25
1/4 tbsp whole cumin seed,,25
1/4 teaspoon black pepper,,25
1/4 teaspoon ground cumin,,25
1/4 teaspoon onion powder,,25
1/4 teaspoon white pepper,,25
1/4 teaspoons kosher salt,,25
1/4 tsp angostura bitters,,25
1/4 tsp creme de violette,,25
1/4 tsp whole fennel seed,,25
1/8 bottle cheap red wine,,25
"1/8 bottle dry rose, cold",,25
1/8 bottle dry white wine,,25
1/8 can maraschino cherry,,25
1/8 cup chopped pineapple,,25
"1/8 cup cranberry, sliced",,25
1/8 cup mezcal (optional),,25
1/8 cup vanilla ice cream,,25
1/8 cup yellow chartreuse,,25
1/8 cups (ml) heavy cream,,25
1/8 dash green chartreuse,,25
1/8 floz chilled prosecco,,25
1/8 ginger ale (optional),,25
"1/8 in fresh pasta, fresh",,25
"1/8 lemon twist, optional",,25
1/8 ounces (ml) Cointreau,,25
"1/8 oz apple cider, fresh",,25
1/8 oz apple simple syrup,,25
1/8 oz basil simple syrup,,25
1/8 oz blood orange juice,,25
"1/8 oz champagne, chilled",,25
"1/8 oz club soda, chilled",,25
1/8 oz dry orange curacao,,25
1/8 oz dry sparkling wine,,25
1/8 oz grape simple syrup,,25
1/8 oz grapefruit liqueur,,25
1/8 oz grapefruit seltzer,,25
1/8 oz high-proof bourbon,,25
1/8 oz honey simple syrup,,25
"1/8 oz lemon juice, fresh",,25
1/8 oz lemon simple syrup,,25
1/8 oz maraschino liqueur,,25
1/8 oz single-malt scotch,,25
"1/8 oz strawberry, sliced",,25
"1/8 slice cucumber, fresh",,25
1/8 sparkling apple cider,,25
1/8 splash cherry heering,,25
"1/8 sprig rosemary, fresh",,25
"1/8 tbsp butter, softened",,25
1/8 tbsp cranberry sorbet,,25
1/8 tbsp dark brown sugar,,25
1/8 tbsp granulated sugar,,25
1/8 tbsp whole cumin seed,,25
1/8 teaspoon onion powder,,25
1/8 teaspoons kosher salt,,25
1/8 tsp angostura bitters,,25
1/8 tsp creme de violette,,25
1/8 tsp whole fennel seed,,25
10 tbsp cane simple syrup,,25
"100 g celery juice, fresh",,25
100 g chilled ginger beer,,25
100 ml high-proof bourbon,,25
"1000 ml kale juice, fresh",,25
1000 ml mint simple syrup,,25
1000g elderflower liqueur,,25
100g pureed concord grape,,25
100ml brut sparkling wine,,25
"100ml celery juice, fresh",,25
100ml elderflower liqueur,,25
1050 g basil simple syrup,,25
1050 g lemon simple syrup,,25
1050 ml mint simple syrup,,25
1050 ml pomegranate juice,,25
1050 ml rich simple syrup,,25
1050g chilled ginger beer,,25
1050ml grapefruit liqueur,,25
11 dash angostura bitters,,25
1100 g basil simple syrup,,25
"1100 ml kale juice, fresh",,25
"1100 ml lime juice, fresh",,25
1100g chilled ginger beer,,25
1100ml basil simple syrup,,25
1150 g genever (optional),,25
1150 g lemon simple syrup,,25
1150 ml bornholmer bitter,,25
1150 ml rich simple syrup,,25
"1150g celery juice, fresh",,25
1150g elderflower liqueur,,25
"1150ml apple cider, fresh",,25
1150ml basil simple syrup,,25
1150ml single-malt scotch,,25
12 cups ( ml) heavy cream,,25
12 dash angostura bitters,,25
12 dash peychauds bitters,,25
"12 1/2 cup ginger, grated",,25
"12 1/2 cup water, boiling",,25
12 1/2 slice small orange,,25
12 1/2 Taste simple syrup,,25
12 1/2 tsp dried lavender,,25
12 1/2 tsp orange bitters,,25
"12 1/3 cup ginger, grated",,25
"12 1/3 cup water, boiling",,25
12 1/3 dash grand marnier,,25
"12 1/3 sprig thyme, fresh",,25
12 1/3 Taste simple syrup,,25
12 1/3 tsp whole allspice,,25
12 1/4 dash grand marnier,,25
12 1/4 oz pineapple juice,,25
12 1/4 star crushed anise,,25
12 1/4 tsp dried lavender,,25
12 1/8 cup small ice cube,,25
"12 1/8 cup water, boiling",,25
12 1/8 oz Jameson whiskey,,25
12 1/8 oz pineapple juice,,25
12 2/3 cup sparkling wine,,25
"12 2/3 cup water, boiling",,25
"12 2/3 oz club soda, cold",,25
12 2/3 tsp orange bitters,,25
12 2/3 tsp whole allspice,,25
12 3/4 cup small ice cube,,25
12 3/4 oz pineapple juice,,25
12 3/4 star crushed anise,,25
"12 oz celery juice, fresh",,25
12 oz citrus simple syrup,,25
1200 g tequila (optional),,25
1200ml grapefruit liqueur,,25
1250 ml chilled champagne,,25
1250 ml rich simple syrup,,25
"1250g celery juice, fresh",,25
"1250ml apple cider, fresh",,25
1250ml tequila (optional),,25
"1300 g apple cider, fresh",,25
"1300 g lemon juice, fresh",,25
1300 g tequila (optional),,25
1350 g lemon simple syrup,,25
1350 g single-malt scotch,,25
1350 ml the king's ginger,,25
"1350g celery juice, fresh",,25
1350g chilled ginger beer,,25
1350g elderflower liqueur,,25
1350g ice cube (optional),,25
1350ml high-proof bourbon,,25
"1400 ml lime juice, fresh",,25
1400 ml pomegranate juice,,25
1400g elderflower liqueur,,25
1400ml genever (optional),,25
1450 ml bornholmer bitter,,25
1450 ml the king's ginger,,25
1450g grade B maple syrup,,25
"1450g hard cider, chilled",,25
"1450ml lemon juice, fresh",,25
150 g brut sparkling wine,,25
150 g elderflower liqueur,,25
150 ml tequila (optional),,25
150g pomegranate molasses,,25
"16 corn tortillas, warmed",,25
"2 cup beef broth, chilled",,25
2 dash grapefruit bitters,,25
"2 dash lemon juice, fresh",,25
2 oz pomegranate molasses,,25
2 slice green bell pepper,,25
2 1/2 cup cranberry sauce,,25
"2 1/2 lb cucumber, peeled",,25
2 1/2 oz green chartreuse,,25
2 1/2 tsp pimento bitters,,25
2 1/2 tsp superfine sugar,,25
2 1/3 can grapefruit soda,,25
2 1/3 dash citrus bitters,,25
2 1/3 floz peach schnapps,,25
"2 1/3 lb cucumber, peeled",,25
2 1/3 oz reposado tequila,,25
2 1/3 oz vodka (optional),,25
2 1/3 tbsp acid phosphate,,25
2 1/3 tbsp orange curacao,,25
2 1/4 cup blanched almond,,25
2 1/4 floz peach schnapps,,25
2 1/4 oz green chartreuse,,25
2 1/4 tbsp orange curacao,,25
2 1/4 tsp pimento bitters,,25
2 1/8 cup blanched almond,,25
2 1/8 tbsp sweet vermouth,,25
2 1/8 tsp superfine sugar,,25
2 2/3 bay leaf (optional),,25
2 2/3 brut sparkling wine,,25
2 2/3 can grapefruit soda,,25
2 2/3 dash citrus bitters,,25
2 2/3 oz jalapeno tequila,,25
2 2/3 oz reposado tequila,,25
2 2/3 tsp superfine sugar,,25
2 3/4 brut sparkling wine,,25
2 3/4 dash cayenne pepper,,25
2 3/4 oz green chartreuse,,25
2 3/4 oz jalapeno tequila,,25
2 3/4 tsp superfine sugar,,25
2 3/4 tsp vanilla extract,,25
2 bakery-fresh croissants,,25
2 cups old-fashioned oats,,25
2 dash grapefruit bitters,,25
"2 dash lemon juice, fresh",,25
2 dash maraschino liqueur,,25
"2 medium carrots, chopped",,25
2 ounces (60ml) Cointreau,,25
2 oz brewed chamomile tea,,25
2 slice green bell pepper,,25
2 tablespoons kosher salt,,25
2 tablespoons lemon juice,,25
"2 tbsp fresh mint, minced",,25
"2 tbsp white onion, diced",,25
2 Tbsp. pomegranate juice,,25
2 teaspoons baking powder,,25
2 teaspoons dijon mustard,,25
2 teaspoons dried oregano,,25
2 teaspoons minced garlic,,25
2 teaspoons seasoned salt,,25
2 teaspoons vegetable oil,,25
2/3 bottle cheap red wine,,25
"2/3 bottle dry rose, cold",,25
2/3 bottle dry white wine,,25
2/3 can maraschino cherry,,25
2/3 cup chopped pineapple,,25
"2/3 cup cranberry, sliced",,25
2/3 cup vanilla ice cream,,25
2/3 cup yellow chartreuse,,25
2/3 cups (ml) heavy cream,,25
2/3 dash green chartreuse,,25
2/3 floz chilled prosecco,,25
2/3 fresh pear (optional),,25
"2/3 in fresh pasta, fresh",,25
"2/3 lemon twist, optional",,25
2/3 ounces (ml) Cointreau,,25
"2/3 oz apple cider, fresh",,25
2/3 oz apple simple syrup,,25
2/3 oz basil simple syrup,,25
2/3 oz blood orange juice,,25
"2/3 oz champagne, chilled",,25
"2/3 oz club soda, chilled",,25
2/3 oz dry orange curacao,,25
2/3 oz dry sparkling wine,,25
2/3 oz grape simple syrup,,25
2/3 oz grapefruit liqueur,,25
2/3 oz grapefruit seltzer,,25
2/3 oz high-proof bourbon,,25
2/3 oz honey simple syrup,,25
"2/3 oz lemon juice, fresh",,25
2/3 oz lemon simple syrup,,25
2/3 oz maraschino liqueur,,25
2/3 oz single-malt scotch,,25
"2/3 oz strawberry, sliced",,25
"2/3 slice cucumber, fresh",,25
2/3 sparkling apple cider,,25
2/3 splash cherry heering,,25
"2/3 sprig rosemary, fresh",,25
"2/3 tbsp butter, softened",,25
2/3 tbsp cranberry sorbet,,25
2/3 tbsp dark brown sugar,,25
2/3 tbsp granulated sugar,,25
2/3 tbsp whole cumin seed,,25
2/3 teaspoon onion powder,,25
2/3 teaspoons kosher salt,,25
2/3 tsp angostura bitters,,25
2/3 tsp creme de violette,,25
2/3 tsp whole fennel seed,,25
"200 g ginger ale, chilled",,25
200g brewed chamomile tea,,25
"200ml ginger juice, fresh",,25
250 g chilled ginger beer,,25
250 g ice cube (optional),,25
250 ml grapefruit liqueur,,25
"250 ml lemon juice, fresh",,25
250 ml lemon simple syrup,,25
250g applejack (optional),,25
250g pomegranate molasses,,25
250ml cherry simple syrup,,25
250ml grade B maple syrup,,25
"3 dash lemon juice, fresh",,25
3 oz rooibos simple syrup,,25
"3 pomegranate seed, fresh",,25
3 teaspoons ground ginger,,25
3 1/2 cup cranberry sauce,,25
3 1/2 dash citrus bitters,,25
3 1/2 tbsp pumpkin butter,,25
3 1/3 oz grapefruit juice,,25
3 1/3 oz sugar (optional),,25
3 1/3 tsp ground cinnamon,,25
3 1/4 cup rice (optional),,25
3 1/4 dash orange bitters,,25
"3 1/4 medium beet, grated",,25
3 1/4 oz cocchi americano,,25
3 1/4 oz drinking vinegar,,25
3 1/4 oz green chartreuse,,25
3 1/8 dash citrus bitters,,25
3 1/8 oz cocchi americano,,25
3 1/8 oz grapefruit juice,,25
3 1/8 oz pimms (optional),,25
3 1/8 oz reposado tequila,,25
"3 1/8 oz seltzer, chilled",,25
3 1/8 tsp vanilla extract,,25
3 2/3 cup blanched almond,,25
3 2/3 dash orange bitters,,25
"3 2/3 medium beet, grated",,25
3 2/3 oz drinking vinegar,,25
3 2/3 oz green chartreuse,,25
3 2/3 tsp ground cinnamon,,25
3 2/3 tsp superfine sugar,,25
3 2/3 tsp vanilla extract,,25
3 3/4 cup blanched almond,,25
3 3/4 large egg yolks (g),,25
3 3/4 oz reposado tequila,,25
"3 3/4 oz seltzer, chilled",,25
3 3/4 tbsp pumpkin butter,,25
3 dash grapefruit bitters,,25
3 tablespoons brown sugar,,25
3/4 bottle cheap red wine,,25
"3/4 bottle dry rose, cold",,25
3/4 bottle dry white wine,,25
3/4 can maraschino cherry,,25
3/4 cup chopped pineapple,,25
"3/4 cup cranberry, sliced",,25
3/4 cup dried cranberries,,25
3/4 cup vanilla ice cream,,25
3/4 cup yellow chartreuse,,25
3/4 cups (ml) heavy cream,,25
3/4 dash green chartreuse,,25
3/4 floz chilled prosecco,,25
"3/4 in fresh pasta, fresh",,25
"3/4 lemon twist, optional",,25
3/4 ounces (ml) Cointreau,,25
"3/4 oz apple cider, fresh",,25
3/4 oz apple simple syrup,,25
3/4 oz basil simple syrup,,25
3/4 oz blood orange juice,,25
"3/4 oz champagne, chilled",,25
"3/4 oz club soda, chilled",,25
3/4 oz dry orange curacao,,25
3/4 oz dry sparkling wine,,25
3/4 oz genever (optional),,25
3/4 oz grape simple syrup,,25
3/4 oz grapefruit liqueur,,25
3/4 oz grapefruit seltzer,,25
3/4 oz high-proof bourbon,,25
3/4 oz honey simple syrup,,25
"3/4 oz lemon juice, fresh",,25
3/4 oz lemon simple syrup,,25
3/4 oz maraschino liqueur,,25
3/4 oz single-malt scotch,,25
"3/4 oz strawberry, sliced",,25
"3/4 slice cucumber, fresh",,25
3/4 sparkling apple cider,,25
3/4 splash cherry heering,,25
"3/4 sprig rosemary, fresh",,25
"3/4 tbsp butter, softened",,25
3/4 tbsp cranberry sorbet,,25
3/4 tbsp dark brown sugar,,25
3/4 tbsp granulated sugar,,25
3/4 tbsp whole cumin seed,,25
3/4 teaspoon onion powder,,25
3/4 teaspoons kosher salt,,25
3/4 tsp angostura bitters,,25
3/4 tsp creme de violette,,25
3/4 tsp whole fennel seed,,25
30 dash angostura bitters,,25
300 g chilled ginger beer,,25
300 ml lemon simple syrup,,25
300 ml single-malt scotch,,25
300 ml tequila (optional),,25
300ml chilled ginger beer,,25
"350 g hard cider, chilled",,25
350ml cherry simple syrup,,25
350ml elderflower liqueur,,25
350ml grade B maple syrup,,25
4 dash bitters (optional),,25
"4 hamburger buns, toasted",,25
4 tablespoons kosher salt,,25
4 1/2 cup creme de cassis,,25
4 1/2 oz allspice bitters,,25
4 1/2 oz green chartreuse,,25
4 1/2 oz orange marmalade,,25
4 1/2 oz reposado tequila,,25
4 1/2 tsp ground cinnamon,,25
4 1/3 dash orange bitters,,25
4 1/3 oz orange marmalade,,25
4 1/3 oz reposado tequila,,25
"4 1/3 oz seltzer, chilled",,25
4 1/3 tbsp acid phosphate,,25
4 1/3 tsp ground cinnamon,,25
4 1/3 tsp vanilla extract,,25
4 1/4 brut sparkling wine,,25
"4 1/4 lb cucumber, peeled",,25
4 1/4 oz grapefruit juice,,25
4 1/4 oz reposado tequila,,25
"4 1/4 oz seltzer, chilled",,25
"4 1/8 cup cilantro, fresh",,25
"4 1/8 lb cucumber, peeled",,25
4 1/8 tbsp acid phosphate,,25
4 1/8 tsp vanilla extract,,25
4 2/3 brut sparkling wine,,25
4 2/3 dash celery bitters,,25
4 2/3 dash orange bitters,,25
4 2/3 oz green chartreuse,,25
4 2/3 tsp ground cinnamon,,25
4 3/4 cup creme de cassis,,25
4 3/4 oz drinking vinegar,,25
4 3/4 oz grapefruit juice,,25
4 cups Frozen Blueberries,,25
4 dash grapefruit bitters,,25
4 tablespoon sesame seeds,,25
400g vanilla simple syrup,,25
400ml brut sparkling wine,,25
450 ml high-proof bourbon,,25
"450g cool, filtered water",,25
450g rooibos simple syrup,,25
"450ml hard cider, chilled",,25
500 g brut sparkling wine,,25
500 g elderflower liqueur,,25
500 ml basil simple syrup,,25
500ml brut sparkling wine,,25
"50g cucumber juice, fresh",,25
50g lavender simple syrup,,25
50ml vanilla simple syrup,,25
550 g elderflower liqueur,,25
550 ml grape simple syrup,,25
550g applejack (optional),,25
550ml elderflower liqueur,,25
6 cup apple cider vinegar,,25
6 cup red wine (optional),,25
"6 kiwi, peeled (optional)",,25
6 oz club soda (optional),,25
6 oz pomegranate molasses,,25
"6 1/2 bottle coffee, cold",,25
"6 1/2 cup cilantro, fresh",,25
6 1/2 cup turbinado sugar,,25
6 1/2 oz cocchi americano,,25
6 1/2 oz green chartreuse,,25
"6 1/2 oz seltzer, chilled",,25
6 1/2 tsp ground cinnamon,,25
6 1/3 bottle dry red wine,,25
6 1/3 cup turbinado sugar,,25
6 1/3 dash cayenne pepper,,25
6 1/3 dash orange bitters,,25
6 1/3 oz cocchi americano,,25
6 1/3 oz reposado tequila,,25
6 1/3 tbsp sparkling wine,,25
6 1/3 tsp ground cinnamon,,25
6 1/4 bottle dry red wine,,25
6 1/4 cup milk (optional),,25
6 1/4 cup turbinado sugar,,25
6 1/4 oz cocchi americano,,25
"6 1/4 oz seltzer, chilled",,25
6 1/4 tbsp whole allspice,,25
6 1/8 dash celery bitters,,25
6 1/8 dash orange bitters,,25
6 1/8 oz green chartreuse,,25
6 1/8 oz reposado tequila,,25
6 1/8 tsp pimento bitters,,25
"6 1/8 wedge lemon, juiced",,25
"6 2/3 bottle coffee, cold",,25
6 2/3 cup turbinado sugar,,25
6 2/3 dash orange bitters,,25
6 2/3 tbsp whole allspice,,25
"6 2/3 wedge lemon, juiced",,25
"6 3/4 cup cilantro, fresh",,25
6 3/4 dash cayenne pepper,,25
6 3/4 oz cocchi americano,,25
6 3/4 oz reposado tequila,,25
6 3/4 tbsp demerara sugar,,25
6 3/4 tbsp pumpkin butter,,25
"6 oz cool, filtered water",,25
600 ml basil simple syrup,,25
600g pomegranate molasses,,25
600g vanilla simple syrup,,25
600ml strong black coffee,,25
650 g elderflower liqueur,,25
"650 ml apple cider, fresh",,25
650 ml grapefruit liqueur,,25
650 ml single-malt scotch,,25
650 ml tequila (optional),,25
650g pomegranate molasses,,25
650ml chilled ginger beer,,25
"650ml ginger juice, fresh",,25
700 ml basil simple syrup,,25
700 ml grape simple syrup,,25
700g brewed chamomile tea,,25
"700ml ginger ale, chilled",,25
750 g elderflower liqueur,,25
750 ml lemon simple syrup,,25
750ml elderflower liqueur,,25
"750ml hard cider, chilled",,25
800 g brut sparkling wine,,25
800 g elderflower liqueur,,25
800 ml maraschino liqueur,,25
800g brewed chamomile tea,,25
800ml elderflower liqueur,,25
800ml ice cube (optional),,25
850 g elderflower liqueur,,25
850 g ice cube (optional),,25
850 g strong black coffee,,25
9 whole black peppercorns,,25
"900 g hard cider, chilled",,25
900 ml tequila (optional),,25
"950 g celery juice, fresh",,25
950 g cherry simple syrup,,25
950 ml genever (optional),,25
"950 ml strawberry, sliced",,25
950ml elderflower liqueur,,25
"black pepper, as required",,25
drop orange blossom water,,25
Flaky sea salt (optional),,25
For serving: cashew cream,,25
"Lemon wedges, for garnish",,25
"Onion, very thinly sliced",,25
Optional: cup kosher salt,,25
Optional: 1 1/2 cup sugar,,25
Optional: 1 1/2 oz coffee,,25
Optional: 1 1/2 oz sherry,,25
Optional: 1 2/3 cup sugar,,25
Optional: 1 2/3 oz averna,,25
Optional: 1 2/3 oz scotch,,25
Optional: 1 bottle scotch,,25
Optional: 1/2 cup bourbon,,25
Optional: 1/3 oz ice cube,,25
Optional: 1/3 twist lemon,,25
Optional: 1/4 green olive,,25
Optional: 1/4 sprig thyme,,25
Optional: 1/4 wedge lemon,,25
Optional: 1/8 slice peach,,25
Optional: 1/8 sour cherry,,25
Optional: 1/8 tbsp brandy,,25
Optional: 2 1/2 cup sugar,,25
Optional: 2 dash absinthe,,25
Optional: 2/3 cup seltzer,,25
Optional: 2/3 drop pernod,,25
Optional: 2/3 kosher salt,,25
Optional: 2/3 oz dubonnet,,25
Optional: 2/3 slice lemon,,25
Optional: 3 1/8 club soda,,25
Optional: 3 2/3 oz scotch,,25
Optional: 3/4 twist lemon,,25
Optional: 4 1/8 oz orgeat,,25
Optional: 4 2/3 cup water,,25
Optional: 4 2/3 leaf mint,,25
Optional: 4 3/4 cup honey,,25
Optional: 4 3/4 oz cognac,,25
Organic Cane Simple Syrup,,25
powdered sugar (optional),,25
"Ripe, juicy sliced tomato",,25
Salsa verde or salsa roja,,25
Thinly sliced Thai chilis,,25
"wheel orange, for garnish",,25
1 oz cinnamon simple syrup,,26
1 tsp orange blossom water,,26
1 ¬º cups granulated sugar,,26
1 1/2 cup granulated sugar,,26
"1 1/2 cup seltzer, chilled",,26
1 1/2 large egg (optional),,26
1 1/2 oz angostura bitters,,26
"1 1/2 oz lime juice, fresh",,26
1 1/2 oz mint simple syrup,,26
1 1/2 oz yellow chartreuse,,26
1 1/2 tbsp unsalted butter,,26
1 1/2 teaspoon kosher salt,,26
"1 1/3 cup seltzer, chilled",,26
1 1/3 oz averna (optional),,26
"1 1/3 oz kale juice, fresh",,26
1 1/3 oz mint simple syrup,,26
"1 1/3 oz prosecco, chilled",,26
1 1/3 oz yellow chartreuse,,26
1 1/3 tsp granulated sugar,,26
1 1/4 barspoon brown sugar,,26
"1 1/4 medium lemon, zested",,26
1 1/4 oz mezcal (optional),,26
"1 1/4 oz prosecco, chilled",,26
"1 1/4 pt strawberry, diced",,26
"1 1/8 jalapeno, with seeds",,26
1 1/8 oz yellow chartreuse,,26
"1 1/8 pt strawberry, diced",,26
1 1/8 tsp granulated sugar,,26
1 2 inch stick of cinnamon,,26
"1 2/3 cup seltzer, chilled",,26
"1 2/3 oz kale juice, fresh",,26
"1 2/3 oz lime juice, fresh",,26
1 2/3 oz scotch (optional),,26
1 2/3 whole cinnamon stick,,26
1 3/4 barspoon brown sugar,,26
1 3/4 cup granulated sugar,,26
"1 3/4 jalapeno, with seeds",,26
"1 3/4 oz lime juice, fresh",,26
"1 3/4 qt strawberry, split",,26
1 3/4 whole cinnamon stick,,26
1 dash pomegranate bitters,,26
"1 large red onion, chopped",,26
"1 lemon, zested and juiced",,26
1 oz lavender simple syrup,,26
1 pint (16 oz) heavy cream,,26
1 pound slab pork fat back,,26
1 recipe bagels (optional),,26
1 recipe celery root puree,,26
1 recipe chicken schnitzel,,26
1 recipe french onion soup,,26
1 recipe grilled radicchio,,26
1 recipe kale caesar salad,,26
1 recipe lemon chiffon pie,,26
1 recipe pan seared ribeye,,26
1 recipe quick salsa verde,,26
1 recipe roasted asparagus,,26
1 recipe roasted mushrooms,,26
1 recipe roasted partridge,,26
1 recipe savory dutch baby,,26
1 recipe skirt steak salad,,26
1 recipe steel cut oatmeal,,26
1 recipe sweet potato soup,,26
1 recipe tortilla espanola,,26
1 recipe vanilla ice cream,,26
1 recipe vegan peanut soup,,26
1 recipe vodka cream sauce,,26
1 recipe watermelon sorbet,,26
1 recipe yeasted doughnuts,,26
"1 red bell pepper, chopped",,26
"1 scallion, finely chopped",,26
"1 stalk lemongrass, sliced",,26
1 tablespoon Dijon mustard,,26
1 tablespoon dried oregano,,26
1 tablespoon ground ginger,,26
1 tablespoon minced garlic,,26
1 tablespoon salted butter,,26
1 tablespoon vegetable oil,,26
1 tbsp apple cider vinegar,,26
"1 tbsp horseradish, grated",,26
1 teaspoon coriander seeds,,26
1 teaspoon ground turmeric,,26
1 teaspoon sesame seed oil,,26
1 teaspoon vanilla extract,,26
1 tsp worcestershire sauce,,26
"1/2 cloves garlic, crushed",,26
1/2 cup (120ml) canola oil,,26
1/2 cup (120ml) mayonnaise,,26
"1/2 cup apple cider, fresh",,26
"1/2 cup lemon juice, fresh",,26
1/2 cup raisins (optional),,26
1/2 cup sweet Marsala wine,,26
1/2 cups ( ml) heavy cream,,26
1/2 cups all-purpose flour,,26
1/2 dash angostura bitters,,26
1/2 dash burlesque bitters,,26
1/2 dash chocolate bitters,,26
1/2 dash peychauds bitters,,26
"1/2 lb strawberry, trimmed",,26
"1/2 lemon, cut into rounds",,26
"1/2 lemon, cut into wheels",,26
"1/2 nutmeg, freshly grated",,26
"1/2 orange twist, optional",,26
1/2 ounces grated Parmesan,,26
1/2 oz aged rum (optional),,26
1/2 oz brut sparkling wine,,26
"1/2 oz celery juice, fresh",,26
1/2 oz cherry simple syrup,,26
1/2 oz chilled ginger beer,,26
1/2 oz citrus simple syrup,,26
1/2 oz elderflower liqueur,,26
"1/2 oz ginger ale, chilled",,26
"1/2 oz ginger juice, fresh",,26
1/2 oz ginger simple syrup,,26
1/2 oz grade B maple syrup,,26
"1/2 oz hard cider, chilled",,26
"1/2 oz orange juice, fresh",,26
1/2 oz strong black coffee,,26
"1/2 pinch cardamom, ground",,26
1/2 pinch tiny kosher salt,,26
1/2 pound brussels sprouts,,26
1/2 pounds russet potatoes,,26
"1/2 slice cucumber, peeled",,26
1/2 slice peach (optional),,26
1/2 sour cherry (optional),,26
1/2 tbsp cane simple syrup,,26
1/2 tbsp dried ancho chile,,26
1/2 tbsp edible gold flake,,26
1/2 teaspoon baking powder,,26
1/2 teaspoon garlic powder,,26
1/2 teaspoon ginger powder,,26
1/2 teaspoon ground cloves,,26
1/2 teaspoon seasoned salt,,26
1/2 tsp agave simple syrup,,26
1/2 tsp maraschino liqueur,,26
1/3 can clamato (optional),,26
"1/3 cloves garlic, crushed",,26
"1/3 cup apple cider, fresh",,26
"1/3 cup lemon juice, fresh",,26
1/3 cups ( ml) heavy cream,,26
1/3 cups all-purpose flour,,26
1/3 dash angostura bitters,,26
1/3 dash burlesque bitters,,26
1/3 dash chocolate bitters,,26
1/3 dash peychauds bitters,,26
1/3 drop pernod (optional),,26
"1/3 lb strawberry, trimmed",,26
"1/3 lemon, cut into rounds",,26
"1/3 lemon, cut into wheels",,26
"1/3 nutmeg, freshly grated",,26
"1/3 orange twist, optional",,26
1/3 ounces grated Parmesan,,26
1/3 oz brut sparkling wine,,26
"1/3 oz celery juice, fresh",,26
1/3 oz cherry simple syrup,,26
1/3 oz chilled ginger beer,,26
1/3 oz citrus simple syrup,,26
1/3 oz elderflower liqueur,,26
"1/3 oz ginger ale, chilled",,26
"1/3 oz ginger juice, fresh",,26
1/3 oz ginger simple syrup,,26
1/3 oz grade B maple syrup,,26
"1/3 oz hard cider, chilled",,26
1/3 oz ice cube (optional),,26
"1/3 oz orange juice, fresh",,26
1/3 oz strong black coffee,,26
"1/3 pinch cardamom, ground",,26
1/3 pinch tiny kosher salt,,26
1/3 pounds russet potatoes,,26
"1/3 slice cucumber, peeled",,26
1/3 sprig thyme (optional),,26
1/3 tbsp cane simple syrup,,26
1/3 tbsp dried ancho chile,,26
1/3 tbsp edible gold flake,,26
1/3 teaspoon garlic powder,,26
1/3 teaspoon ground cloves,,26
1/3 tsp agave simple syrup,,26
1/3 tsp maraschino liqueur,,26
"1/4 cloves garlic, crushed",,26
"1/4 cup apple cider, fresh",,26
"1/4 cup lemon juice, fresh",,26
1/4 cup roasted sesame oil,,26
1/4 cups ( ml) heavy cream,,26
1/4 cups all-purpose flour,,26
1/4 dash angostura bitters,,26
1/4 dash burlesque bitters,,26
1/4 dash chocolate bitters,,26
1/4 dash peychauds bitters,,26
"1/4 lb strawberry, trimmed",,26
"1/4 lemon, cut into rounds",,26
"1/4 lemon, cut into wheels",,26
"1/4 nutmeg, freshly grated",,26
"1/4 orange twist, optional",,26
1/4 ounces grated Parmesan,,26
1/4 oz brut sparkling wine,,26
"1/4 oz celery juice, fresh",,26
1/4 oz cherry simple syrup,,26
1/4 oz chilled ginger beer,,26
1/4 oz citrus simple syrup,,26
1/4 oz elderflower liqueur,,26
"1/4 oz ginger ale, chilled",,26
"1/4 oz ginger juice, fresh",,26
1/4 oz ginger simple syrup,,26
1/4 oz grade B maple syrup,,26
"1/4 oz hard cider, chilled",,26
1/4 oz molasses (optional),,26
"1/4 oz orange juice, fresh",,26
1/4 oz strong black coffee,,26
"1/4 pinch cardamom, ground",,26
1/4 pinch tiny kosher salt,,26
1/4 pound fresh pork liver,,26
1/4 pounds russet potatoes,,26
"1/4 slice cucumber, peeled",,26
1/4 tbsp cane simple syrup,,26
1/4 tbsp dried ancho chile,,26
1/4 tbsp edible gold flake,,26
1/4 teaspoon garlic powder,,26
1/4 teaspoon grated nutmeg,,26
1/4 teaspoon ground cloves,,26
1/4 tsp agave simple syrup,,26
1/4 tsp maraschino liqueur,,26
1/4 twist lemon (optional),,26
"1/8 cloves garlic, crushed",,26
"1/8 cup apple cider, fresh",,26
"1/8 cup lemon juice, fresh",,26
1/8 cups ( ml) heavy cream,,26
1/8 cups all-purpose flour,,26
1/8 dash angostura bitters,,26
1/8 dash burlesque bitters,,26
1/8 dash chocolate bitters,,26
1/8 dash peychauds bitters,,26
"1/8 lb strawberry, trimmed",,26
"1/8 lemon, cut into rounds",,26
"1/8 lemon, cut into wheels",,26
"1/8 nutmeg, freshly grated",,26
"1/8 orange twist, optional",,26
1/8 ounces grated Parmesan,,26
1/8 oz allspice (optional),,26
1/8 oz brut sparkling wine,,26
"1/8 oz celery juice, fresh",,26
1/8 oz cherry simple syrup,,26
1/8 oz chilled ginger beer,,26
1/8 oz citrus simple syrup,,26
1/8 oz elderflower liqueur,,26
"1/8 oz ginger ale, chilled",,26
"1/8 oz ginger juice, fresh",,26
1/8 oz ginger simple syrup,,26
1/8 oz grade B maple syrup,,26
"1/8 oz hard cider, chilled",,26
1/8 oz molasses (optional),,26
"1/8 oz orange juice, fresh",,26
1/8 oz red wine (optional),,26
1/8 oz strong black coffee,,26
"1/8 pinch cardamom, ground",,26
1/8 pinch tiny kosher salt,,26
1/8 pounds russet potatoes,,26
"1/8 slice cucumber, peeled",,26
1/8 tbsp cane simple syrup,,26
1/8 tbsp dried ancho chile,,26
1/8 tbsp edible gold flake,,26
1/8 teaspoon garlic powder,,26
1/8 teaspoon ground cloves,,26
1/8 tsp agave simple syrup,,26
1/8 tsp maraschino liqueur,,26
1/8 wheel lemon (optional),,26
"10 pomegranate seed, fresh",,26
100 g pomegranate molasses,,26
1000 g chilled ginger beer,,26
1000 ml genever (optional),,26
"1000ml celery juice, fresh",,26
1000ml chilled ginger beer,,26
"1000ml ginger juice, fresh",,26
100g demerara simple syrup,,26
100g lavender simple syrup,,26
"1100 g ginger ale, chilled",,26
1100 g strong black coffee,,26
1100ml strong black coffee,,26
1150g brewed chamomile tea,,26
1150g pureed concord grape,,26
"1150ml ginger juice, fresh",,26
"12 cup orange juice, fresh",,26
12 dash grapefruit bitters,,26
12 oz applejack (optional),,26
12 oz brewed chamomile tea,,26
"12 oz cool, filtered water",,26
"12 slice dried pear, fresh",,26
12 slice green bell pepper,,26
"12 1/2 bottle coffee, cold",,26
12 1/2 bottle dry red wine,,26
12 1/2 can grapefruit soda,,26
12 1/2 drop orange bitters,,26
12 1/2 oz grapefruit juice,,26
12 1/2 oz reposado tequila,,26
12 1/2 tsp superfine sugar,,26
12 1/3 can grapefruit soda,,26
12 1/3 cup turbinado sugar,,26
12 1/3 drop orange bitters,,26
12 1/3 oz amaro (optional),,26
12 1/3 oz jalapeno tequila,,26
"12 1/3 tbsp ginger, minced",,26
12 1/3 tsp salt (optional),,26
12 1/4 clove medium garlic,,26
12 1/4 oz cocchi americano,,26
12 1/4 oz honey (optional),,26
12 1/4 oz reposado tequila,,26
"12 1/4 tbsp ginger, minced",,26
12 1/8 clove medium garlic,,26
12 1/8 dash orange bitters,,26
12 1/8 oz green chartreuse,,26
"12 2/3 bottle coffee, cold",,26
12 2/3 tsp vanilla extract,,26
12 3/4 cup turbinado sugar,,26
12 3/4 drop percent saline,,26
12 3/4 oz cocchi americano,,26
12 3/4 oz granulated sugar,,26
12 3/4 oz grapefruit juice,,26
12 3/4 tsp superfine sugar,,26
12 3/4 tsp vanilla extract,,26
12 ounces angel hair pasta,,26
1200 g elderflower liqueur,,26
"1200 g ginger juice, fresh",,26
1200 ml lemon simple syrup,,26
"1200ml celery juice, fresh",,26
1200ml chilled ginger beer,,26
1250 g brut sparkling wine,,26
1250 g elderflower liqueur,,26
1250 ml maraschino liqueur,,26
1250g vanilla simple syrup,,26
1300 g cherry simple syrup,,26
1300g vanilla simple syrup,,26
1300ml ice cube (optional),,26
"1350 g celery juice, fresh",,26
"1350 g ginger juice, fresh",,26
1350 g grade B maple syrup,,26
1350g rooibos simple syrup,,26
"1350ml celery juice, fresh",,26
"1400 ml apple cider, fresh",,26
1400 ml basil simple syrup,,26
1400ml brut sparkling wine,,26
"1450 g ginger juice, fresh",,26
"1450 ml strawberry, sliced",,26
150 g vanilla simple syrup,,26
"1500 g celery juice, fresh",,26
1500 g elderflower liqueur,,26
1500 g grade B maple syrup,,26
"1500 ml apple cider, fresh",,26
150g demerara simple syrup,,26
150ml pomegranate molasses,,26
2 oz demerara simple syrup,,26
2 tbsp spiced simple syrup,,26
2 teaspoon ground cinnamon,,26
2 tsp whole coriander seed,,26
2 1/2 clove cinnamon stick,,26
2 1/2 cup granulated sugar,,26
2 1/2 dash vanilla extract,,26
2 1/2 oz pomegranate juice,,26
2 1/2 teaspoon baking soda,,26
2 1/2 teaspoon kosher salt,,26
"2 1/3 medium lemon, juiced",,26
2 1/3 oz grapefruit radler,,26
"2 1/3 oz lime juice, fresh",,26
2 1/3 oz rich simple syrup,,26
2 1/3 oz sage simple syrup,,26
2 1/3 teaspoon kosher salt,,26
2 1/4 oz yellow chartreuse,,26
2 1/4 teaspoon baking soda,,26
2 1/8 cup crushed ice cube,,26
"2 1/8 cup seltzer, chilled",,26
2 1/8 dash vanilla extract,,26
2 1/8 oz yellow chartreuse,,26
2 1/8 tsp balsamic vinegar,,26
2 1/8 tsp orange marmalade,,26
2 2/3 clove cinnamon stick,,26
2 2/3 cup crushed ice cube,,26
2 2/3 cup granulated sugar,,26
"2 2/3 cup seltzer, chilled",,26
2 2/3 cup water (optional),,26
2 2/3 cups (ml) whole milk,,26
"2 2/3 leaf tarragon, fresh",,26
"2 2/3 medium lemon, juiced",,26
2 2/3 oz pistachio liqueur,,26
2 2/3 oz pomegranate juice,,26
2 2/3 teaspoon kosher salt,,26
2 2/3 tsp balsamic vinegar,,26
2 3/4 oz rich simple syrup,,26
2 3/4 teaspoon kosher salt,,26
2 cup cranberry (optional),,26
"2 cup tonic water, chilled",,26
2 cups (480ml) heavy cream,,26
2 large sprigs fresh thyme,,26
2 leaf (blank)s bay leaves,,26
"2 oz red grapefruit, fresh",,26
"2 scallions, thinly sliced",,26
2 tablespoons curry powder,,26
2 tablespoons oyster sauce,,26
2 tablespoons tomato paste,,26
2 tbsp spiced simple syrup,,26
2 teaspoon ground turmeric,,26
"2/3 cloves garlic, crushed",,26
"2/3 cup apple cider, fresh",,26
"2/3 cup lemon juice, fresh",,26
2/3 cups ( ml) heavy cream,,26
2/3 cups all-purpose flour,,26
2/3 dash angostura bitters,,26
2/3 dash brandy (optional),,26
2/3 dash burlesque bitters,,26
2/3 dash chocolate bitters,,26
2/3 dash peychauds bitters,,26
"2/3 lb strawberry, trimmed",,26
"2/3 lemon, cut into rounds",,26
"2/3 lemon, cut into wheels",,26
"2/3 nutmeg, freshly grated",,26
"2/3 orange twist, optional",,26
2/3 ounces grated Parmesan,,26
2/3 oz brut sparkling wine,,26
"2/3 oz celery juice, fresh",,26
2/3 oz cherry simple syrup,,26
2/3 oz chilled ginger beer,,26
2/3 oz citrus simple syrup,,26
2/3 oz drambuie (optional),,26
2/3 oz elderflower liqueur,,26
"2/3 oz ginger ale, chilled",,26
"2/3 oz ginger juice, fresh",,26
2/3 oz ginger simple syrup,,26
2/3 oz grade B maple syrup,,26
"2/3 oz hard cider, chilled",,26
"2/3 oz orange juice, fresh",,26
2/3 oz strong black coffee,,26
"2/3 pinch cardamom, ground",,26
2/3 pinch tiny kosher salt,,26
2/3 pounds russet potatoes,,26
"2/3 slice cucumber, peeled",,26
2/3 tbsp cane simple syrup,,26
2/3 tbsp dried ancho chile,,26
2/3 tbsp edible gold flake,,26
2/3 teaspoon garlic powder,,26
2/3 teaspoon ground cloves,,26
2/3 tsp agave simple syrup,,26
2/3 tsp maraschino liqueur,,26
2/3 wedge lemon (optional),,26
200 ml brut sparkling wine,,26
"200g red grapefruit, fresh",,26
200ml brewed chamomile tea,,26
200ml pomegranate molasses,,26
200ml vanilla simple syrup,,26
250 g brewed chamomile tea,,26
"250 g cool, filtered water",,26
"250 ml celery juice, fresh",,26
250ml vanilla simple syrup,,26
"3 oz dry vermouth, chilled",,26
3 tbsp spiced simple syrup,,26
3 teaspoon (g) baking soda,,26
3 tsp orange blossom water,,26
3 1/2 oz pistachio liqueur,,26
3 1/2 oz scotch (optional),,26
3 1/3 oz angostura bitters,,26
3 1/3 oz chilled champagne,,26
3 1/3 oz chocolate liqueur,,26
"3 1/3 oz lime juice, fresh",,26
"3 1/4 oz black coffee, hot",,26
3 1/4 oz chilled champagne,,26
3 1/4 piece candied ginger,,26
"3 1/4 tbsp rosemary, fresh",,26
"3 1/8 oz black coffee, hot",,26
3 1/8 oz pistachio liqueur,,26
3 1/8 oz the king's ginger,,26
"3 1/8 tbsp rosemary, fresh",,26
3 2/3 oz angostura bitters,,26
3 2/3 piece candied ginger,,26
3 3/4 cup granulated sugar,,26
3 3/4 oz chocolate liqueur,,26
"3 3/4 oz lime juice, fresh",,26
"3 bottle prosecco, chilled",,26
3 dashes Angostura bitters,,26
"3/4 cloves garlic, crushed",,26
"3/4 cup apple cider, fresh",,26
"3/4 cup lemon juice, fresh",,26
3/4 cups ( ml) heavy cream,,26
3/4 cups all-purpose flour,,26
3/4 dash angostura bitters,,26
3/4 dash burlesque bitters,,26
3/4 dash chocolate bitters,,26
3/4 dash peychauds bitters,,26
"3/4 lb strawberry, trimmed",,26
"3/4 lemon, cut into rounds",,26
"3/4 lemon, cut into wheels",,26
"3/4 nutmeg, freshly grated",,26
"3/4 orange twist, optional",,26
3/4 ounces grated Parmesan,,26
3/4 oz amaretto (optional),,26
3/4 oz brut sparkling wine,,26
"3/4 oz celery juice, fresh",,26
3/4 oz cherry simple syrup,,26
3/4 oz chilled ginger beer,,26
3/4 oz citrus simple syrup,,26
3/4 oz elderflower liqueur,,26
"3/4 oz ginger ale, chilled",,26
"3/4 oz ginger juice, fresh",,26
3/4 oz ginger simple syrup,,26
3/4 oz grade B maple syrup,,26
"3/4 oz hard cider, chilled",,26
"3/4 oz orange juice, fresh",,26
3/4 oz strong black coffee,,26
"3/4 pinch cardamom, ground",,26
3/4 pinch tiny kosher salt,,26
3/4 pounds russet potatoes,,26
"3/4 slice cucumber, peeled",,26
3/4 tbsp cane simple syrup,,26
3/4 tbsp dried ancho chile,,26
3/4 tbsp edible gold flake,,26
3/4 teaspoon garlic powder,,26
3/4 teaspoon ground cloves,,26
3/4 tsp agave simple syrup,,26
3/4 tsp maraschino liqueur,,26
300 ml chilled ginger beer,,26
300 ml elderflower liqueur,,26
"300 ml ginger ale, chilled",,26
300g cardamom simple syrup,,26
350 ml elderflower liqueur,,26
350 ml ice cube (optional),,26
350g lavender simple syrup,,26
4 oz rosemary simple syrup,,26
4 tbsp apple cider vinegar,,26
"4 1/2 bottle cava, chilled",,26
4 1/2 oz cola simple syrup,,26
4 1/2 oz yellow chartreuse,,26
"4 1/2 tbsp rosemary, fresh",,26
4 1/2 tsp balsamic vinegar,,26
"4 1/3 cup cranberry, fresh",,26
4 1/3 cups (ml) whole milk,,26
"4 1/3 lemon, thinly sliced",,26
"4 1/3 medium lemon, juiced",,26
"4 1/3 medium lemon, zested",,26
4 1/3 oz grapefruit radler,,26
4 1/3 oz the king's ginger,,26
4 1/3 oz yellow chartreuse,,26
4 1/3 tsp balsamic vinegar,,26
"4 1/4 bottle cava, chilled",,26
4 1/4 leaf mint (optional),,26
"4 1/4 oz kale juice, fresh",,26
4 1/4 oz pomegranate juice,,26
4 1/8 cups (ml) whole milk,,26
"4 1/8 leaf tarragon, fresh",,26
"4 1/8 medium lemon, juiced",,26
4 1/8 oz chilled champagne,,26
"4 1/8 oz lime juice, fresh",,26
4 1/8 oz mezcal (optional),,26
4 1/8 to taste lemon juice,,26
4 2/3 dash vanilla extract,,26
"4 2/3 medium lemon, zested",,26
4 2/3 oz grapefruit radler,,26
"4 2/3 oz lime juice, fresh",,26
"4 2/3 tbsp jalapeno, diced",,26
"4 2/3 tbsp rosemary, fresh",,26
4 3/4 oz chilled champagne,,26
4 3/4 oz cola simple syrup,,26
"4 3/4 oz kale juice, fresh",,26
4 3/4 oz pomegranate juice,,26
4 3/4 oz the king's ginger,,26
"4 3/4 tbsp jalapeno, diced",,26
4 oz demerara simple syrup,,26
400 g pureed concord grape,,26
"400 ml celery juice, fresh",,26
400 ml elderflower liqueur,,26
400g demerara simple syrup,,26
"400g dry vermouth, chilled",,26
400g rosemary simple syrup,,26
450 ml elderflower liqueur,,26
"450 ml ginger juice, fresh",,26
450 ml ice cube (optional),,26
450g beet juice (optional),,26
450g demerara simple syrup,,26
"450g dry vermouth, chilled",,26
450ml applejack (optional),,26
450ml brewed chamomile tea,,26
450ml pureed concord grape,,26
5 1/2 oz chilled champagne,,26
50 ml applejack (optional),,26
500 ml chilled ginger beer,,26
500 ml grade B maple syrup,,26
"500 ml hard cider, chilled",,26
550 ml strong black coffee,,26
6 floz chilled peach juice,,26
6 tsp hot sauce (optional),,26
6 1/2 cup crushed ice cube,,26
6 1/2 cup granulated sugar,,26
"6 1/2 jalapeno, with seeds",,26
6 1/2 oz mint simple syrup,,26
6 1/2 tbsp superfine sugar,,26
6 1/2 teaspoon baking soda,,26
6 1/2 tsp granulated sugar,,26
6 1/3 cup granulated sugar,,26
6 1/3 oz angostura bitters,,26
"6 1/3 oz lime juice, fresh",,26
6 1/3 oz pomegranate juice,,26
6 1/3 tsp black peppercorn,,26
6 1/3 tsp orange marmalade,,26
6 1/4 cup crushed ice cube,,26
6 1/4 cup granulated sugar,,26
6 1/4 oz angostura bitters,,26
"6 1/4 oz lime juice, fresh",,26
6 1/4 oz rich simple syrup,,26
6 1/8 cup granulated sugar,,26
"6 1/8 jalapeno, with seeds",,26
6 1/8 oz angostura bitters,,26
6 1/8 oz bornholmer bitter,,26
6 1/8 oz pomegranate juice,,26
6 1/8 tbsp superfine sugar,,26
6 1/8 teaspoon baking soda,,26
"6 2/3 oz lime juice, fresh",,26
6 2/3 oz mint simple syrup,,26
6 2/3 oz rich simple syrup,,26
"6 2/3 pt strawberry, diced",,26
6 2/3 tbsp unsalted butter,,26
6 2/3 tsp granulated sugar,,26
6 2/3 tsp orange marmalade,,26
6 3/4 cup granulated sugar,,26
6 3/4 oz bornholmer bitter,,26
"6 3/4 pt strawberry, diced",,26
6 3/4 tbsp unsalted butter,,26
"6 bay leaves, roughly torn",,26
6 fluid ounces heavy cream,,26
600 g pomegranate molasses,,26
600 g vanilla simple syrup,,26
600 ml brut sparkling wine,,26
"600 ml ginger juice, fresh",,26
600ml brewed chamomile tea,,26
600ml pureed concord grape,,26
650 g pureed concord grape,,26
"650ml cool, filtered water",,26
7 oz cardamom simple syrup,,26
"7‚Äâ¬æ cups water, divided",,26
700 ml brut sparkling wine,,26
700 ml chilled ginger beer,,26
"700 ml ginger ale, chilled",,26
750 ml elderflower liqueur,,26
750g demerara simple syrup,,26
8 ajices dulces (see note),,26
800 ml cherry simple syrup,,26
800 ml elderflower liqueur,,26
"800 ml ginger juice, fresh",,26
800g cardamom simple syrup,,26
850g beet juice (optional),,26
850g demerara simple syrup,,26
850g rosemary simple syrup,,26
"850g water, hot (optional)",,26
"900 ml celery juice, fresh",,26
900g demerara simple syrup,,26
"900g dry vermouth, chilled",,26
900ml vanilla simple syrup,,26
"950 g cool, filtered water",,26
"950g red grapefruit, fresh",,26
950g rosemary simple syrup,,26
Angostura Aromatic Bitters,,26
Champagne & Sparkling Wine,,26
Crema (Mexican sour cream),,26
Fresh pitas for pita chips,,26
"Milk, for brushing cookies",,26
"Optional: raspberry, fresh",,26
Optional: Taste cane syrup,,26
Optional: twist grapefruit,,26
Optional: 1 ft cheesecloth,,26
Optional: 1 recipe cannoli,,26
Optional: 1 stick cinnamon,,26
Optional: 1/2 dash curacao,,26
Optional: 1/2 wedge orange,,26
Optional: 1/3 oz amber rum,,26
Optional: 1/3 piece orange,,26
Optional: 1/8 cup dark rum,,26
Optional: 1/8 oz amber rum,,26
Optional: 12 1/2 oz mezcal,,26
Optional: 2 1/4 large mint,,26
Optional: 2 cup cold water,,26
Optional: 2/3 oz white rum,,26
Optional: 2/3 wedge orange,,26
Optional: 3 1/8 oz bourbon,,26
Optional: 3 oz tonic water,,26
Optional: 3/4 oz applejack,,26
Optional: 3/4 oz cointreau,,26
Optional: 3/4 oz light rum,,26
"Optional: honey, as needed",,26
Pinch of red pepper flakes,,26
salt and pepper (optional),,26
Salt and pepper (to taste),,26
Vegetable oil for the pans,,26
"vegetable oil, as required",,26
Zest and juice of 3 lemons,,26
"1 oz pineapple juice, fresh",,27
1 oz unfiltered apple cider,,27
1 tbsp whole coriander seed,,27
1 ¬Ω teaspoons chili powder,,27
1 1/2 oz dry gin (optional),,27
1 1/2 oz high-proof bourbon,,27
"1 1/2 oz lemon juice, fresh",,27
1 1/2 oz lemon simple syrup,,27
1 1/2 oz maraschino liqueur,,27
1 1/2 tbsp dark brown sugar,,27
1 1/2 tbsp granulated sugar,,27
1 1/2 teaspoons kosher salt,,27
1 1/3 cup vanilla ice cream,,27
1 1/3 cup yellow chartreuse,,27
"1 1/3 in fresh pasta, fresh",,27
1 1/3 oz basil simple syrup,,27
"1 1/3 oz lemon juice, fresh",,27
1 1/3 sparkling apple cider,,27
"1 1/4 bottle dry rose, cold",,27
1 1/4 oz grapefruit liqueur,,27
"1 1/4 tbsp butter, softened",,27
1 1/4 tbsp granulated sugar,,27
"1 1/8 bottle dry rose, cold",,27
"1 1/8 cup cranberry, sliced",,27
1 1/8 cup vanilla ice cream,,27
1 1/8 cup yellow chartreuse,,27
1 1/8 leaf basil (optional),,27
1 1/8 oz lemon simple syrup,,27
1 1/8 oz single-malt scotch,,27
"1 1/8 tbsp butter, softened",,27
1 2/3 oz basil simple syrup,,27
1 2/3 oz honey simple syrup,,27
"1 3/4 cup cranberry, sliced",,27
1 3/4 oz blood orange juice,,27
1 3/4 oz grapefruit liqueur,,27
1 3/4 oz honey simple syrup,,27
"1 3/4 oz lemon juice, fresh",,27
1 3/4 oz maraschino liqueur,,27
"1 3/4 tbsp butter, softened",,27
1 3/4 tbsp dark brown sugar,,27
1 8-ounce bottle clam juice,,27
"1 black peppercorn, cracked",,27
"1 bunch green onions, diced",,27
1 cup water or 250 ml water,,27
1 dash cointreau (optional),,27
1 head of garlic (optional),,27
1 in orange zest (optional),,27
"1 large egg, lightly beaten",,27
"1 medium grapefruit, zested",,27
1 oz cranberry simple syrup,,27
"1 oz pineapple juice, fresh",,27
1 pound boneless beef chuck,,27
1 recipe almond vinaigrette,,27
1 recipe american beef stew,,27
1 recipe banana nut muffins,,27
1 recipe black bean burgers,,27
1 recipe braised lamb shank,,27
1 recipe buttermilk waffles,,27
1 recipe cardamom ice cream,,27
1 recipe carrot ginger soup,,27
1 recipe cauliflower gratin,,27
1 recipe chocolate frosting,,27
1 recipe cucumber soda foam,,27
1 recipe falafel (optional),,27
1 recipe fettuccine alfredo,,27
1 recipe green apple sorbet,,27
1 recipe grilled fish tacos,,27
1 recipe hazelnut ice cream,,27
1 recipe lemon mint granita,,27
1 recipe octopus and celery,,27
1 recipe pickled red onions,,27
1 recipe potatoes au gratin,,27
1 recipe pumpkin cheesecake,,27
1 recipe raspberry frosting,,27
1 recipe red beans and rice,,27
1 recipe rosemary flatbread,,27
1 recipe seared flank steak,,27
1 recipe shrimp fra diavolo,,27
1 recipe simple pasta dough,,27
1 recipe simple vinaigrette,,27
1 recipe spicy cabbage slaw,,27
1 recipe stuffed pork chops,,27
1 recipe toasted white cake,,27
1 recipe vegetarian borscht,,27
"1 stalk lemongrass, bruised",,27
1 tablespoon dark soy sauce,,27
1 tablespoon honey or sugar,,27
1 tablespoon XiaoShing wine,,27
1 tablespoons Shaoxing wine,,27
1 teaspoon granulated sugar,,27
1 teaspoon hot pepper sauce,,27
1 teaspoon paprika or sumac,,27
1 wedge cucumber (optional),,27
"1 wheel orange, for garnish",,27
"1 whole star anise, toasted",,27
1/2 bottle vodka (optional),,27
1/2 cup apple cider vinegar,,27
"1/2 cup beef broth, chilled",,27
1/2 cup charred lemon juice,,27
"1/2 cup cornstarch, divided",,27
"1/2 cup heavy cream, warmed",,27
"1/2 cup orange juice, fresh",,27
1/2 cup raw shelled peanuts,,27
1/2 cup raw turbinado sugar,,27
1/2 dash grapefruit bitters,,27
"1/2 dash lemon juice, fresh",,27
1/2 dash maraschino liqueur,,27
"1/2 oz apple cider, chilled",,27
1/2 oz brewed chamomile tea,,27
"1/2 oz cool, filtered water",,27
1/2 oz pomegranate molasses,,27
1/2 oz pureed concord grape,,27
1/2 oz rooibos simple syrup,,27
1/2 oz vanilla simple syrup,,27
"1/2 pomegranate seed, fresh",,27
1/2 pound fatty ground pork,,27
"1/2 slice dried pear, fresh",,27
1/2 slice green bell pepper,,27
1/2 tablespoon tomato paste,,27
1/2 tablespoons kosher salt,,27
"1/2 tbsp fresh mint, minced",,27
"1/2 tbsp lemon zest, grated",,27
1/2 tbsp malted milk powder,,27
"1/2 tbsp white onion, diced",,27
1/2 teaspoon cayenne pepper,,27
1/2 teaspoon dried marjoram,,27
1/2 teaspoons ground ginger,,27
1/3 cup (80ml) rice vinegar,,27
1/3 cup apple cider vinegar,,27
"1/3 cup beef broth, chilled",,27
1/3 cup charred lemon juice,,27
"1/3 cup orange juice, fresh",,27
1/3 cup raw turbinado sugar,,27
1/3 dash grapefruit bitters,,27
"1/3 dash lemon juice, fresh",,27
1/3 dash maraschino liqueur,,27
"1/3 oz apple cider, chilled",,27
1/3 oz brewed chamomile tea,,27
"1/3 oz cool, filtered water",,27
1/3 oz pomegranate molasses,,27
1/3 oz pureed concord grape,,27
1/3 oz rooibos simple syrup,,27
1/3 oz vanilla simple syrup,,27
"1/3 pomegranate seed, fresh",,27
"1/3 slice dried pear, fresh",,27
1/3 slice green bell pepper,,27
1/3 tablespoons kosher salt,,27
"1/3 tbsp fresh mint, minced",,27
"1/3 tbsp lemon zest, grated",,27
1/3 tbsp malted milk powder,,27
"1/3 tbsp white onion, diced",,27
1/3 teaspoons ground ginger,,27
1/4 cup aged rum (optional),,27
1/4 cup apple cider vinegar,,27
"1/4 cup beef broth, chilled",,27
1/4 cup charred lemon juice,,27
"1/4 cup orange juice, fresh",,27
1/4 cup raw turbinado sugar,,27
1/4 cup soy sauce (divided),,27
1/4 dash grapefruit bitters,,27
"1/4 dash lemon juice, fresh",,27
1/4 dash maraschino liqueur,,27
"1/4 oz apple cider, chilled",,27
1/4 oz brewed chamomile tea,,27
"1/4 oz cool, filtered water",,27
1/4 oz pomegranate molasses,,27
1/4 oz pureed concord grape,,27
1/4 oz rooibos simple syrup,,27
1/4 oz vanilla simple syrup,,27
"1/4 pomegranate seed, fresh",,27
"1/4 slice dried pear, fresh",,27
1/4 slice green bell pepper,,27
1/4 tablespoons kosher salt,,27
"1/4 tbsp fresh mint, minced",,27
"1/4 tbsp lemon zest, grated",,27
1/4 tbsp malted milk powder,,27
"1/4 tbsp white onion, diced",,27
1/4 teaspoon cayenne pepper,,27
1/4 teaspoon mustard powder,,27
1/4 teaspoons ground ginger,,27
1/4 twist orange (optional),,27
1/8 cup apple cider vinegar,,27
"1/8 cup beef broth, chilled",,27
1/8 cup charred lemon juice,,27
"1/8 cup orange juice, fresh",,27
1/8 cup raw turbinado sugar,,27
1/8 dash grapefruit bitters,,27
"1/8 dash lemon juice, fresh",,27
1/8 dash maraschino liqueur,,27
"1/8 oz apple cider, chilled",,27
1/8 oz brewed chamomile tea,,27
"1/8 oz cool, filtered water",,27
1/8 oz pomegranate molasses,,27
1/8 oz pureed concord grape,,27
1/8 oz rooibos simple syrup,,27
1/8 oz vanilla simple syrup,,27
1/8 oz white rum (optional),,27
"1/8 pomegranate seed, fresh",,27
"1/8 slice dried pear, fresh",,27
1/8 slice green bell pepper,,27
1/8 tablespoons kosher salt,,27
"1/8 tbsp fresh mint, minced",,27
"1/8 tbsp lemon zest, grated",,27
1/8 tbsp malted milk powder,,27
"1/8 tbsp white onion, diced",,27
1/8 teaspoon cayenne pepper,,27
1/8 teaspoons ground ginger,,27
100 g cardamom simple syrup,,27
100 g lavender simple syrup,,27
100 ml pomegranate molasses,,27
1000 g applejack (optional),,27
1000 ml cherry simple syrup,,27
1000g rosemary simple syrup,,27
100ml demerara simple syrup,,27
1050 g vanilla simple syrup,,27
"1050 ml celery juice, fresh",,27
1050 ml elderflower liqueur,,27
"1050g dry vermouth, chilled",,27
1100ml brewed chamomile tea,,27
1150 g applejack (optional),,27
1150 g rooibos simple syrup,,27
1150 ml brut sparkling wine,,27
1150 ml chilled ginger beer,,27
12 oz demerara simple syrup,,27
12 1/2 cup granulated sugar,,27
"12 1/2 lemon, thinly sliced",,27
12 1/2 oz angostura bitters,,27
12 1/2 oz bornholmer bitter,,27
12 1/2 oz yellow chartreuse,,27
12 1/2 teaspoon kosher salt,,27
"12 1/3 cup cranberry, fresh",,27
12 1/3 oz cola simple syrup,,27
"12 1/3 tbsp jalapeno, diced",,27
12 1/3 teaspoon kosher salt,,27
12 1/3 tsp black peppercorn,,27
12 1/4 cup granulated sugar,,27
"12 1/4 oz lime juice, fresh",,27
12 1/4 tsp black peppercorn,,27
12 1/8 oz angostura bitters,,27
"12 1/8 oz lime juice, fresh",,27
12 1/8 oz mezcal (optional),,27
12 1/8 oz sage simple syrup,,27
12 1/8 oz yellow chartreuse,,27
"12 2/3 cup cranberry, fresh",,27
12 2/3 cup granulated sugar,,27
"12 2/3 lemon, thinly sliced",,27
12 2/3 oz bornholmer bitter,,27
12 2/3 oz brandy (optional),,27
12 2/3 oz sage simple syrup,,27
"12 2/3 tbsp jalapeno, diced",,27
12 2/3 teaspoon kosher salt,,27
12 3/4 cup granulated sugar,,27
"12 3/4 oz lime juice, fresh",,27
12 3/4 teaspoon kosher salt,,27
1200 g brewed chamomile tea,,27
1200 ml elderflower liqueur,,27
1200g demerara simple syrup,,27
"1200g water, hot (optional)",,27
1250 g brewed chamomile tea,,27
1250 g rooibos simple syrup,,27
1250 ml elderflower liqueur,,27
"1250 ml hard cider, chilled",,27
"1250g dry vermouth, chilled",,27
1300 ml elderflower liqueur,,27
1300g demerara simple syrup,,27
1300g lavender simple syrup,,27
1300g rosemary simple syrup,,27
1300ml applejack (optional),,27
1300ml pomegranate molasses,,27
1300ml rooibos simple syrup,,27
1350 g pomegranate molasses,,27
"1350g dry vermouth, chilled",,27
1350g lavender simple syrup,,27
"1350ml cool, filtered water",,27
1350ml pomegranate molasses,,27
1400 g pomegranate molasses,,27
1400 ml grade B maple syrup,,27
1400g lavender simple syrup,,27
1450 ml elderflower liqueur,,27
1450 ml strong black coffee,,27
"1450g cucumber juice, fresh",,27
1450g rosemary simple syrup,,27
15 oz demerara simple syrup,,27
"150 g dry vermouth, chilled",,27
150 ml brewed chamomile tea,,27
1500 g brewed chamomile tea,,27
"1500 ml ginger juice, fresh",,27
1500g demerara simple syrup,,27
1500ml rooibos simple syrup,,27
"150g dry lambrusco, chilled",,27
150ml beet juice (optional),,27
"150ml red grapefruit, fresh",,27
"18 oz dry vermouth, chilled",,27
2 oz cranberry simple syrup,,27
"2 oz pineapple juice, fresh",,27
2 1/2 bottle dry white wine,,27
2 1/2 oz high-proof bourbon,,27
2 1/2 oz maraschino liqueur,,27
"2 1/2 oz strawberry, sliced",,27
"2 1/2 sprig rosemary, fresh",,27
2 1/2 teaspoons kosher salt,,27
2 1/2 tsp angostura bitters,,27
2 1/3 oz high-proof bourbon,,27
2 1/3 oz maraschino liqueur,,27
"2 1/4 lemon twist, optional",,27
"2 1/4 oz apple cider, fresh",,27
"2 1/4 oz lemon juice, fresh",,27
"2 1/8 oz apple cider, fresh",,27
"2 1/8 oz club soda, chilled",,27
"2 1/8 oz lemon juice, fresh",,27
2 1/8 oz maraschino liqueur,,27
2 1/8 tsp whole fennel seed,,27
"2 2/3 oz lemon juice, fresh",,27
2 2/3 tsp whole fennel seed,,27
"2 3/4 lemon twist, optional",,27
"2 3/4 oz club soda, chilled",,27
"2 3/4 oz lemon juice, fresh",,27
2 3/4 oz maraschino liqueur,,27
"2 3/4 sprig rosemary, fresh",,27
"2 cup mixed berries, frozen",,27
2 oz bacon flavored whiskey,,27
2 oz benedictine (optional),,27
2 oz lemon juice (optional),,27
"2 oz pineapple juice, fresh",,27
"2 oz pink grapefruit, fresh",,27
2 tablespoons (30g) paprika,,27
2 tablespoons Dijon mustard,,27
2 tablespoons salted butter,,27
2 tablespoons vegetable oil,,27
2 tablespoons white vinegar,,27
2 tablespoons Xiaoxing wine,,27
2 tbsp whole coriander seed,,27
2 teaspoons ground cinnamon,,27
2/3 cup apple cider vinegar,,27
"2/3 cup beef broth, chilled",,27
2/3 cup charred lemon juice,,27
"2/3 cup orange juice, fresh",,27
2/3 cup raw turbinado sugar,,27
2/3 dash grapefruit bitters,,27
"2/3 dash lemon juice, fresh",,27
2/3 dash maraschino liqueur,,27
"2/3 oz apple cider, chilled",,27
2/3 oz brewed chamomile tea,,27
"2/3 oz cool, filtered water",,27
2/3 oz pomegranate molasses,,27
2/3 oz pureed concord grape,,27
2/3 oz rooibos simple syrup,,27
2/3 oz vanilla simple syrup,,27
"2/3 pomegranate seed, fresh",,27
"2/3 slice dried pear, fresh",,27
2/3 slice green bell pepper,,27
2/3 tablespoons kosher salt,,27
"2/3 tbsp fresh mint, minced",,27
"2/3 tbsp lemon zest, grated",,27
2/3 tbsp malted milk powder,,27
"2/3 tbsp white onion, diced",,27
2/3 teaspoons ground ginger,,27
200 ml pomegranate molasses,,27
250 g demerara simple syrup,,27
"250 g dry vermouth, chilled",,27
250ml demerara simple syrup,,27
"250ml water, hot (optional)",,27
"3 cup mixed berries, frozen",,27
3 oz white balsamic vinegar,,27
"3 pod vanilla bean, scraped",,27
3 1/2 ounces (ml) Cointreau,,27
3 1/2 oz dry orange curacao,,27
3 1/2 splash cherry heering,,27
"3 1/2 tbsp butter, softened",,27
3 1/3 bottle dry white wine,,27
3 1/3 cup chopped pineapple,,27
3 1/3 cup yellow chartreuse,,27
3 1/3 oz blood orange juice,,27
"3 1/3 oz champagne, chilled",,27
3 1/3 qt seltzer (optional),,27
"3 1/4 in fresh pasta, fresh",,27
"3 1/4 oz lemon juice, fresh",,27
"3 1/4 oz strawberry, sliced",,27
"3 1/4 sprig rosemary, fresh",,27
3 1/4 tbsp granulated sugar,,27
3 1/8 cup chopped pineapple,,27
3 1/8 cup yellow chartreuse,,27
3 1/8 oz dry orange curacao,,27
3 1/8 oz maraschino liqueur,,27
"3 1/8 oz strawberry, sliced",,27
"3 1/8 sprig rosemary, fresh",,27
3 1/8 tsp angostura bitters,,27
3 2/3 ounces (ml) Cointreau,,27
"3 2/3 oz lemon juice, fresh",,27
3 2/3 oz maraschino liqueur,,27
3 2/3 splash cherry heering,,27
"3 2/3 sprig rosemary, fresh",,27
"3 2/3 tbsp butter, softened",,27
3 2/3 tsp angostura bitters,,27
3 3/4 leaf basil (optional),,27
3 3/4 oz blood orange juice,,27
"3 3/4 oz champagne, chilled",,27
"3 3/4 sprig rosemary, fresh",,27
3 3/4 tbsp granulated sugar,,27
3 tablespoons vegetable oil,,27
3 teaspoons light soy sauce,,27
3/4 cup apple cider vinegar,,27
"3/4 cup beef broth, chilled",,27
3/4 cup charred lemon juice,,27
"3/4 cup orange juice, fresh",,27
3/4 cup raw turbinado sugar,,27
3/4 dash grapefruit bitters,,27
"3/4 dash lemon juice, fresh",,27
3/4 dash maraschino liqueur,,27
3/4 orange twist (optional),,27
3/4 oz amber rum (optional),,27
"3/4 oz apple cider, chilled",,27
3/4 oz brewed chamomile tea,,27
"3/4 oz cool, filtered water",,27
3/4 oz pomegranate molasses,,27
3/4 oz pureed concord grape,,27
3/4 oz rooibos simple syrup,,27
3/4 oz vanilla simple syrup,,27
"3/4 pomegranate seed, fresh",,27
"3/4 slice dried pear, fresh",,27
3/4 slice green bell pepper,,27
3/4 tablespoons kosher salt,,27
"3/4 tbsp fresh mint, minced",,27
"3/4 tbsp lemon zest, grated",,27
3/4 tbsp malted milk powder,,27
"3/4 tbsp white onion, diced",,27
3/4 teaspoons ground ginger,,27
3/4 wheel orange (optional),,27
"300 g red grapefruit, fresh",,27
300 ml applejack (optional),,27
"350 g water, hot (optional)",,27
350 ml pureed concord grape,,27
350g rye whiskey (optional),,27
350g unfiltered apple cider,,27
350ml demerara simple syrup,,27
"4 oz pink grapefruit, fresh",,27
4 1/2 can maraschino cherry,,27
4 1/2 oz apple simple syrup,,27
4 1/2 splash cherry heering,,27
4 1/2 tbsp dark brown sugar,,27
4 1/2 tbsp whole cumin seed,,27
4 1/4 can maraschino cherry,,27
4 1/4 oz honey simple syrup,,27
"4 1/4 sprig rosemary, fresh",,27
4 1/4 teaspoons kosher salt,,27
4 1/8 cup aperol (optional),,27
4 1/8 oz maraschino liqueur,,27
4 1/8 pinch salt (optional),,27
4 1/8 tbsp dark brown sugar,,27
4 1/8 tbsp whole cumin seed,,27
4 1/8 teaspoon onion powder,,27
4 2/3 floz chilled prosecco,,27
4 2/3 oz honey simple syrup,,27
4 2/3 splash cherry heering,,27
"4 2/3 sprig rosemary, fresh",,27
4 2/3 teaspoon onion powder,,27
4 3/4 oz maraschino liqueur,,27
4 3/4 oz tequila (optional),,27
"4 oz coconut water, chilled",,27
4 tablespoons vegetable oil,,27
"400 g dry vermouth, chilled",,27
400 g lavender simple syrup,,27
"400g coffee, hot (optional)",,27
400ml rosemary simple syrup,,27
450 g lavender simple syrup,,27
450 ml rooibos simple syrup,,27
450 ml vanilla simple syrup,,27
"5 medium mushrooms, chopped",,27
50 g cranberry simple syrup,,27
50 ml demerara simple syrup,,27
50 ml rosemary simple syrup,,27
500 g rosemary simple syrup,,27
"500ml dry vermouth, chilled",,27
"50g large lime juice, fresh",,27
"50g lemon, freshly squeezed",,27
50ml lemon juice (optional),,27
"6 oz dry lambrusco, chilled",,27
6 oz rye whiskey (optional),,27
6 tsp freshly grated nutmeg,,27
"6 1/2 cup cranberry, sliced",,27
6 1/2 cups (ml) heavy cream,,27
6 1/2 dash green chartreuse,,27
6 1/2 oz dry orange curacao,,27
6 1/2 oz grapefruit liqueur,,27
"6 1/2 oz lemon juice, fresh",,27
6 1/3 cup almond (optional),,27
6 1/3 oz dry sparkling wine,,27
6 1/3 oz grapefruit liqueur,,27
6 1/3 oz maraschino liqueur,,27
"6 1/4 oz club soda, chilled",,27
6 1/4 oz grapefruit seltzer,,27
6 1/8 cup chopped pineapple,,27
6 1/8 oz basil simple syrup,,27
6 1/8 oz dry orange curacao,,27
6 1/8 oz maraschino liqueur,,27
"6 1/8 oz strawberry, sliced",,27
6 1/8 tbsp cranberry sorbet,,27
6 2/3 cup chopped pineapple,,27
6 2/3 oz dry sparkling wine,,27
6 2/3 oz grapefruit seltzer,,27
6 2/3 oz maraschino liqueur,,27
6 2/3 tbsp cranberry sorbet,,27
6 2/3 tsp whole fennel seed,,27
6 3/4 dash green chartreuse,,27
"6 3/4 oz club soda, chilled",,27
"6 3/4 slice cucumber, fresh",,27
6 drop orange blossom water,,27
"6 oz dry lambrusco, chilled",,27
"6 Tbsp. mayonnaise, divided",,27
6 to 8 servings pho noodles,,27
600ml demerara simple syrup,,27
"600ml dry vermouth, chilled",,27
650 g demerara simple syrup,,27
"650 g red grapefruit, fresh",,27
"650ml water, hot (optional)",,27
700 g lavender simple syrup,,27
700 g rosemary simple syrup,,27
"700ml dry vermouth, chilled",,27
750 g lavender simple syrup,,27
"750 ml cool, filtered water",,27
750 ml pureed concord grape,,27
750g white balsamic vinegar,,27
750ml beet juice (optional),,27
8 sprig rosemary (optional),,27
8 Tbsp Whipped cream cheese,,27
800 g beet juice (optional),,27
800 g rosemary simple syrup,,27
800 ml pomegranate molasses,,27
800g unfiltered apple cider,,27
850ml rosemary simple syrup,,27
9 no-boil lasagna noodles**,,27
900 g demerara simple syrup,,27
900 ml pomegranate molasses,,27
900g lemon juice (optional),,27
900ml cardamom simple syrup,,27
900ml lavender simple syrup,,27
900ml rosemary simple syrup,,27
950 g demerara simple syrup,,27
"950g dry lambrusco, chilled",,27
950g rye whiskey (optional),,27
950g unfiltered apple cider,,27
"950ml dry vermouth, chilled",,27
"Chopped parsley, to garnish",,27
"Crushed pecans, for garnish",,27
Fee Brothers Orange Bitters,,27
Freshly ground black pepper,,27
"maraschino cherry, optional",,27
"Optional: bottle cognac, ml",,27
Optional: earl grey tea bag,,27
Optional: tbsp cocoa powder,,27
Optional: 1 1/4 qt ice cube,,27
Optional: 1 3/4 oz vermouth,,27
Optional: 1 tbsp watercress,,27
Optional: 1 wedge pineapple,,27
Optional: 1/2 oz beet juice,,27
Optional: 1/3 oz becherovka,,27
Optional: 1/4 oz frangelico,,27
Optional: 1/4 tsp cointreau,,27
Optional: 12 1/4 oz bourbon,,27
Optional: 2 1/2 oz dark rum,,27
Optional: 2 1/2 slice lemon,,27
Optional: 2 1/2 sprig thyme,,27
Optional: 2 1/3 oz galliano,,27
Optional: 2 1/4 oz aged rum,,27
Optional: 2 g powdered agar,,27
Optional: 2 rooibos tea bag,,27
Optional: 2/3 tsp cointreau,,27
Optional: 3/4 cup cranberry,,27
Optional: 3/4 medium orange,,27
Optional: 3/4 tsp cointreau,,27
Optional: 4 1/3 tsp fig jam,,27
Optional: 4 1/8 oz absinthe,,27
Optional: 6 oz dry vermouth,,27
Pinch freshly grated nutmeg,,27
"Powdered sugar, for rolling",,27
salt and fresh black pepper,,27
tablespoons unsalted butter,,27
"water, as needed (optional)",,27
1 fluid ounces half and half,,28
"1 tsp coriander seed, ground",,28
1 ¬Ω teaspoons baking powder,,28
1 1/2 cups all-purpose flour,,28
1 1/2 dash chocolate bitters,,28
"1 1/2 oz ginger ale, chilled",,28
"1 1/2 oz ginger juice, fresh",,28
"1 1/2 oz orange juice, fresh",,28
1 1/2 teaspoon garlic powder,,28
1 1/2 teaspoons ground cumin,,28
"1 1/3 cup apple cider, fresh",,28
1 1/3 cups all-purpose flour,,28
"1 1/3 oz celery juice, fresh",,28
1 1/3 oz elderflower liqueur,,28
"1 1/4 cloves garlic, crushed",,28
1 1/4 oz chilled ginger beer,,28
1 1/4 oz elderflower liqueur,,28
1 1/4 qt ice cube (optional),,28
1 1/8 oz ice cube (optional),,28
"1 2/3 cloves garlic, crushed",,28
1 2/3 cups all-purpose flour,,28
1 2/3 dash angostura bitters,,28
"1 2/3 oz ginger ale, chilled",,28
1 2/3 slice peach (optional),,28
"1 3/4 cup apple cider, fresh",,28
1 3/4 dash angostura bitters,,28
1 3/4 dash chocolate bitters,,28
"1 3/4 oz celery juice, fresh",,28
"1 3/4 oz ginger juice, fresh",,28
1 3/4 oz grade B maple syrup,,28
1 batch Quick-Pickled Onions,,28
1 bunch finely minced chives,,28
"1 cup pink grapefruit, fresh",,28
1 envelope instant dry yeast,,28
"1 large onion, thinly sliced",,28
"1 large peach, thinly sliced",,28
"1 large tomatillo, quartered",,28
"1 lemon zest, freshly grated",,28
"1 medium onion, finely diced",,28
"1 ml sparkling wine, chilled",,28
"1 oz lemon, freshly squeezed",,28
1 recipe bacon and corn hash,,28
1 recipe baked buffalo wings,,28
1 recipe buttermilk biscuits,,28
1 recipe buttermilk coleslaw,,28
1 recipe buttermilk dressing,,28
1 recipe candied orange peel,,28
1 recipe cast iron pan pizza,,28
1 recipe chilled tomato soup,,28
1 recipe chocolate ice cream,,28
1 recipe classic hash browns,,28
1 recipe diy superfine sugar,,28
1 recipe green tea ice cream,,28
1 recipe marshmallow squares,,28
1 recipe mushroom croquettes,,28
1 recipe pomegranate gelatin,,28
1 recipe roasted red peppers,,28
1 recipe salted caramel flan,,28
1 recipe sauteed swiss chard,,28
1 recipe spaghetti al limone,,28
1 recipe spaghetti carbonara,,28
1 recipe zucchini basil soup,,28
"1 small garlic clove, minced",,28
"1 small onion, finely sliced",,28
1 tablespoon dark sesame oil,,28
1 tablespoon light soy sauce,,28
1 tablespoon unsalted butter,,28
1 tablespoon vanilla extract,,28
1 teaspoon black peppercorns,,28
1 teaspoon red chilli powder,,28
"1 tsp nutmeg, freshly grated",,28
"1 whole duck, about 4 pounds",,28
1‚Äâ¬Ω cups chopped bok choy,,28
"1/2 bottle prosecco, chilled",,28
1/2 cup grated sharp Cheddar,,28
"1/2 cup kosher salt, divided",,28
1/2 cup packed sliced fennel,,28
1/2 cup prepared horseradish,,28
"1/2 cup tonic water, chilled",,28
1/2 dash pomegranate bitters,,28
1/2 floz chilled peach juice,,28
1/2 fluid ounces heavy cream,,28
1/2 oz cardamom simple syrup,,28
1/2 oz cinnamon simple syrup,,28
"1/2 oz cucumber juice, fresh",,28
1/2 oz demerara simple syrup,,28
"1/2 oz dry vermouth, chilled",,28
1/2 oz lavender simple syrup,,28
1/2 oz molasses simple syrup,,28
"1/2 oz red grapefruit, fresh",,28
1/2 oz rosemary simple syrup,,28
"1/2 stalk lemongrass, sliced",,28
1/2 tbsp apple cider vinegar,,28
"1/2 tbsp horseradish, grated",,28
1/2 tbsp spiced simple syrup,,28
1/2 teaspoon (g) baking soda,,28
1/2 teaspoon ground cinnamon,,28
1/2 teaspoon ground turmeric,,28
1/2 teaspoon turmeric powder,,28
1/2 tsp orange blossom water,,28
1/2 tsp whole coriander seed,,28
1/2 tsp worcestershire sauce,,28
"1/3 bottle prosecco, chilled",,28
"1/3 cup kosher salt, divided",,28
1/3 cup prepared horseradish,,28
"1/3 cup tonic water, chilled",,28
1/3 dash pomegranate bitters,,28
1/3 floz chilled peach juice,,28
1/3 fluid ounces heavy cream,,28
1/3 oz cardamom simple syrup,,28
1/3 oz cinnamon simple syrup,,28
"1/3 oz cucumber juice, fresh",,28
1/3 oz demerara simple syrup,,28
"1/3 oz dry vermouth, chilled",,28
1/3 oz lavender simple syrup,,28
1/3 oz molasses simple syrup,,28
"1/3 oz red grapefruit, fresh",,28
1/3 oz rosemary simple syrup,,28
1/3 oz spiced rum (optional),,28
"1/3 stalk lemongrass, sliced",,28
1/3 tbsp apple cider vinegar,,28
"1/3 tbsp horseradish, grated",,28
1/3 tbsp spiced simple syrup,,28
1/3 teaspoon (g) baking soda,,28
1/3 teaspoon ground cinnamon,,28
1/3 tsp orange blossom water,,28
1/3 tsp whole coriander seed,,28
1/3 tsp worcestershire sauce,,28
"1/4 bottle prosecco, chilled",,28
1/4 cup diced boiled carrots,,28
"1/4 cup kosher salt, divided",,28
1/4 cup prepared horseradish,,28
"1/4 cup tonic water, chilled",,28
1/4 dash pomegranate bitters,,28
1/4 floz chilled peach juice,,28
1/4 fluid ounces heavy cream,,28
1/4 oz cardamom simple syrup,,28
1/4 oz cinnamon simple syrup,,28
"1/4 oz cucumber juice, fresh",,28
1/4 oz demerara simple syrup,,28
"1/4 oz dry vermouth, chilled",,28
1/4 oz lavender simple syrup,,28
1/4 oz molasses simple syrup,,28
"1/4 oz red grapefruit, fresh",,28
1/4 oz rosemary simple syrup,,28
"1/4 pound raw shrimp, peeled",,28
"1/4 stalk lemongrass, sliced",,28
1/4 tbsp apple cider vinegar,,28
"1/4 tbsp horseradish, grated",,28
1/4 tbsp spiced simple syrup,,28
1/4 teaspoon (g) baking soda,,28
1/4 teaspoon ground cinnamon,,28
1/4 teaspoon ground turmeric,,28
1/4 teaspoon vanilla extract,,28
1/4 tsp orange blossom water,,28
1/4 tsp whole coriander seed,,28
1/4 tsp worcestershire sauce,,28
"1/8 bottle prosecco, chilled",,28
"1/8 cup kosher salt, divided",,28
1/8 cup prepared horseradish,,28
"1/8 cup tonic water, chilled",,28
1/8 dash pomegranate bitters,,28
1/8 floz chilled peach juice,,28
1/8 fluid ounces heavy cream,,28
1/8 oz becherovka (optional),,28
1/8 oz beet juice (optional),,28
1/8 oz cardamom simple syrup,,28
1/8 oz cinnamon simple syrup,,28
"1/8 oz cucumber juice, fresh",,28
1/8 oz demerara simple syrup,,28
"1/8 oz dry vermouth, chilled",,28
1/8 oz lavender simple syrup,,28
1/8 oz molasses simple syrup,,28
"1/8 oz red grapefruit, fresh",,28
1/8 oz rosemary simple syrup,,28
"1/8 stalk lemongrass, sliced",,28
1/8 tbsp apple cider vinegar,,28
"1/8 tbsp horseradish, grated",,28
1/8 tbsp spiced simple syrup,,28
1/8 teaspoon (g) baking soda,,28
1/8 teaspoon ground cinnamon,,28
1/8 tsp orange blossom water,,28
1/8 tsp soy sauce (optional),,28
1/8 tsp whole coriander seed,,28
1/8 tsp worcestershire sauce,,28
1¬Ω cups (360 ml) whole milk,,28
1000 g demerara simple syrup,,28
1000 g rosemary simple syrup,,28
1000 ml brewed chamomile tea,,28
"1000ml cucumber juice, fresh",,28
"1000ml dry vermouth, chilled",,28
1000ml rosemary simple syrup,,28
"100g large lime juice, fresh",,28
100ml cranberry simple syrup,,28
1050 g cardamom simple syrup,,28
"1050 g dry vermouth, chilled",,28
1050 g rosemary simple syrup,,28
"1050g dry lambrusco, chilled",,28
1050ml demerara simple syrup,,28
1050ml lavender simple syrup,,28
1100 g beet juice (optional),,28
1100 g rosemary simple syrup,,28
1100 ml brewed chamomile tea,,28
1100 ml rooibos simple syrup,,28
1100g white balsamic vinegar,,28
1100ml lavender simple syrup,,28
1150 g demerara simple syrup,,28
1150ml demerara simple syrup,,28
"12 medium grapefruit, zested",,28
12 1/2 bottle cheap red wine,,28
"12 1/2 bottle dry rose, cold",,28
"12 1/2 lemon twist, optional",,28
"12 1/2 oz club soda, chilled",,28
"12 1/2 oz lemon juice, fresh",,28
12 1/2 oz lemon simple syrup,,28
12 1/2 oz single-malt scotch,,28
"12 1/2 slice cucumber, fresh",,28
12 1/2 slice lime (optional),,28
12 1/2 sparkling apple cider,,28
"12 1/2 tbsp butter, softened",,28
12 1/2 teaspoons kosher salt,,28
12 1/3 floz chilled prosecco,,28
"12 1/3 oz club soda, chilled",,28
"12 1/3 oz lemon juice, fresh",,28
12 1/3 tbsp sugar (optional),,28
"12 1/4 oz apple cider, fresh",,28
12 1/4 oz apple simple syrup,,28
12 1/4 oz dry sparkling wine,,28
12 1/4 oz high-proof bourbon,,28
12 1/4 sparkling apple cider,,28
"12 1/8 oz apple cider, fresh",,28
12 1/8 oz maraschino liqueur,,28
"12 1/8 tbsp butter, softened",,28
12 1/8 teaspoons kosher salt,,28
12 1/8 tsp creme de violette,,28
12 2/3 floz chilled prosecco,,28
"12 2/3 lemon twist, optional",,28
12 2/3 ounces (ml) Cointreau,,28
12 2/3 oz apple simple syrup,,28
"12 2/3 oz lemon juice, fresh",,28
12 2/3 oz maraschino liqueur,,28
"12 2/3 slice cucumber, fresh",,28
12 2/3 tbsp whole cumin seed,,28
12 2/3 tsp creme de violette,,28
12 3/4 ounces (ml) Cointreau,,28
12 3/4 oz grape simple syrup,,28
12 3/4 oz lemon simple syrup,,28
1200 ml brewed chamomile tea,,28
"1200g coffee, hot (optional)",,28
1200g unfiltered apple cider,,28
1200ml cardamom simple syrup,,28
1200ml demerara simple syrup,,28
1200ml lavender simple syrup,,28
"1250 g cucumber juice, fresh",,28
"1250 g water, hot (optional)",,28
"1250 ml cool, filtered water",,28
1250ml demerara simple syrup,,28
"1250ml red grapefruit, fresh",,28
1250ml rosemary simple syrup,,28
"1300 g cucumber juice, fresh",,28
1300 g demerara simple syrup,,28
"1300 g dry vermouth, chilled",,28
1300 ml vanilla simple syrup,,28
1300g cranberry simple syrup,,28
"1300g dry lambrusco, chilled",,28
1350ml lavender simple syrup,,28
1400 g demerara simple syrup,,28
1400 ml vanilla simple syrup,,28
1400g cranberry simple syrup,,28
1450ml demerara simple syrup,,28
1450ml lavender simple syrup,,28
"150 g dry lambrusco, chilled",,28
150 ml cardamom simple syrup,,28
1500 g lavender simple syrup,,28
1500 ml vanilla simple syrup,,28
1500g lemon juice (optional),,28
"1500ml cucumber juice, fresh",,28
2 oz amaro nonino (optional),,28
"2 1/2 cloves garlic, crushed",,28
2 1/2 cups all-purpose flour,,28
2 1/2 oz brut sparkling wine,,28
2 1/2 pinch tiny kosher salt,,28
2 1/2 tablespoons canola oil,,28
2 1/3 cup seltzer (optional),,28
"2 1/3 orange twist, optional",,28
2 1/3 ounces grated Parmesan,,28
2 1/4 cups all-purpose flour,,28
"2 1/4 nutmeg, freshly grated",,28
"2 1/4 orange twist, optional",,28
2 1/4 oz elderflower liqueur,,28
2 1/4 oz ginger simple syrup,,28
2 1/4 tbsp dried ancho chile,,28
2 1/8 dash angostura bitters,,28
2 1/8 dash peychauds bitters,,28
2 1/8 oz ginger simple syrup,,28
"2 1/8 oz orange juice, fresh",,28
"2 1/8 pinch cardamom, ground",,28
2 1/8 tbsp dried ancho chile,,28
"2 2/3 cloves garlic, crushed",,28
2 2/3 dash angostura bitters,,28
2 2/3 dash peychauds bitters,,28
2 2/3 oz brut sparkling wine,,28
"2 2/3 oz hard cider, chilled",,28
2 2/3 pinch tiny kosher salt,,28
"2 2/3 slice cucumber, peeled",,28
2 3/4 dash angostura bitters,,28
"2 3/4 lemon, cut into wheels",,28
"2 3/4 nutmeg, freshly grated",,28
2 3/4 oz elderflower liqueur,,28
"2 3/4 oz hard cider, chilled",,28
"2 3/4 oz orange juice, fresh",,28
"2 3/4 slice cucumber, peeled",,28
2 cups (475ml) vegetable oil,,28
2 cups full-fat coconut milk,,28
2 oz apple brandy (optional),,28
2 oz medium grapefruit juice,,28
2 rooibos tea bag (optional),,28
"2 scallions, roughly chooped",,28
"2 small Roma tomatoes, diced",,28
2 tablespoon unsalted butter,,28
2 tablespoons dark soy sauce,,28
2 teaspoons (10ml) soy sauce,,28
2 teaspoons ground coriander,,28
2 teaspoons whole cumin seed,,28
2 tsp whole black peppercorn,,28
"2/3 bottle prosecco, chilled",,28
"2/3 cup kosher salt, divided",,28
2/3 cup prepared horseradish,,28
"2/3 cup tonic water, chilled",,28
2/3 dash pomegranate bitters,,28
2/3 floz chilled peach juice,,28
2/3 fluid ounces heavy cream,,28
2/3 oz cardamom simple syrup,,28
2/3 oz cinnamon simple syrup,,28
"2/3 oz cucumber juice, fresh",,28
2/3 oz demerara simple syrup,,28
"2/3 oz dry vermouth, chilled",,28
2/3 oz lavender simple syrup,,28
2/3 oz molasses simple syrup,,28
"2/3 oz red grapefruit, fresh",,28
2/3 oz rosemary simple syrup,,28
"2/3 stalk lemongrass, sliced",,28
2/3 tbsp apple cider vinegar,,28
"2/3 tbsp horseradish, grated",,28
2/3 tbsp spiced simple syrup,,28
2/3 teaspoon (g) baking soda,,28
2/3 teaspoon ground cinnamon,,28
2/3 tsp cointreau (optional),,28
2/3 tsp orange blossom water,,28
2/3 tsp whole coriander seed,,28
2/3 tsp worcestershire sauce,,28
200 ml demerara simple syrup,,28
200 ml rosemary simple syrup,,28
200ml white balsamic vinegar,,28
"3 cup pink grapefruit, fresh",,28
"3 lb lemon, room temperature",,28
3 oz medium grapefruit juice,,28
"3 oz sparkling wine, chilled",,28
3 oz strawberry simple syrup,,28
3 tsp whole black peppercorn,,28
3 1/2 dash peychauds bitters,,28
"3 1/2 orange twist, optional",,28
3 1/2 oz allspice (optional),,28
3 1/2 pounds russet potatoes,,28
3 1/2 whole anise (optional),,28
3 1/3 oz citrus simple syrup,,28
3 1/3 oz elderflower liqueur,,28
"3 1/3 oz orange juice, fresh",,28
"3 1/3 slice cucumber, peeled",,28
3 1/4 dash angostura bitters,,28
"3 1/4 oz orange juice, fresh",,28
3 1/4 tbsp edible gold flake,,28
3 1/4 tsp maraschino liqueur,,28
"3 1/8 cup lemon juice, fresh",,28
3 1/8 dash angostura bitters,,28
3 1/8 oz elderflower liqueur,,28
3 1/8 oz strong black coffee,,28
3 1/8 tbsp edible gold flake,,28
3 2/3 dash peychauds bitters,,28
"3 2/3 lb strawberry, trimmed",,28
3 2/3 slice mango (optional),,28
3 2/3 tbsp cane simple syrup,,28
3 2/3 tsp maraschino liqueur,,28
3 3/4 dash angostura bitters,,28
"3 3/4 lb strawberry, trimmed",,28
"3 3/4 orange twist, optional",,28
3 3/4 oz citrus simple syrup,,28
3 3/4 oz ginger simple syrup,,28
"3 3/4 oz orange juice, fresh",,28
3 3/4 oz strong black coffee,,28
"3 3/4 slice cucumber, peeled",,28
3 3/4 tbsp cane simple syrup,,28
"3 dried bay leaves, crumbled",,28
"3 lb lemon, room temperature",,28
"3 oz sparkling wine, chilled",,28
3 tablespoons (45ml) ketchup,,28
3 tablespoons good olive oil,,28
"3/4 bottle prosecco, chilled",,28
3/4 cup finely chopped onion,,28
"3/4 cup kosher salt, divided",,28
3/4 cup prepared horseradish,,28
"3/4 cup tonic water, chilled",,28
3/4 dash pomegranate bitters,,28
3/4 floz chilled peach juice,,28
3/4 fluid ounces heavy cream,,28
3/4 oz beet juice (optional),,28
3/4 oz cardamom simple syrup,,28
3/4 oz cinnamon simple syrup,,28
"3/4 oz cucumber juice, fresh",,28
3/4 oz demerara simple syrup,,28
"3/4 oz dry vermouth, chilled",,28
3/4 oz hard cider (optional),,28
3/4 oz lavender simple syrup,,28
3/4 oz molasses simple syrup,,28
"3/4 oz red grapefruit, fresh",,28
3/4 oz rosemary simple syrup,,28
"3/4 stalk lemongrass, sliced",,28
3/4 tbsp apple cider vinegar,,28
"3/4 tbsp horseradish, grated",,28
3/4 tbsp spiced simple syrup,,28
3/4 teaspoon (g) baking soda,,28
3/4 teaspoon ground cinnamon,,28
3/4 tsp hot sauce (optional),,28
3/4 tsp orange blossom water,,28
3/4 tsp whole coriander seed,,28
3/4 tsp worcestershire sauce,,28
300 g cranberry simple syrup,,28
"350 ml cucumber juice, fresh",,28
350 ml demerara simple syrup,,28
350 ml rosemary simple syrup,,28
350ml unfiltered apple cider,,28
"4 large peach, thinly sliced",,28
"4 lemon zest, freshly grated",,28
4 1/2 dash burlesque bitters,,28
4 1/2 ounces grated Parmesan,,28
"4 1/2 pinch cardamom, ground",,28
4 1/2 pinch tiny kosher salt,,28
4 1/3 cups ( ml) heavy cream,,28
4 1/3 dash angostura bitters,,28
4 1/3 dash peychauds bitters,,28
"4 1/3 lemon, cut into rounds",,28
4 1/3 ounces grated Parmesan,,28
4 1/4 dash angostura bitters,,28
4 1/4 dash peychauds bitters,,28
4 1/4 oz ginger simple syrup,,28
"4 1/4 oz orange juice, fresh",,28
4 1/4 pinch tiny kosher salt,,28
4 1/4 pounds russet potatoes,,28
4 1/4 teaspoon ground cloves,,28
4 1/8 dash angostura bitters,,28
4 1/8 oz cherry simple syrup,,28
"4 1/8 oz orange juice, fresh",,28
"4 1/8 pinch cardamom, ground",,28
4 1/8 teaspoon ground cloves,,28
4 1/8 tsp agave simple syrup,,28
4 2/3 dash peychauds bitters,,28
"4 2/3 lemon, cut into rounds",,28
4 2/3 oz citrus simple syrup,,28
4 2/3 oz ginger simple syrup,,28
4 2/3 pounds russet potatoes,,28
4 2/3 tsp maraschino liqueur,,28
4 3/4 dash burlesque bitters,,28
4 3/4 dash peychauds bitters,,28
4 3/4 oz cherry simple syrup,,28
4 3/4 oz citrus simple syrup,,28
4 3/4 oz falernum (optional),,28
4 3/4 oz ginger simple syrup,,28
4 3/4 oz ice cube (optional),,28
4 3/4 tsp maraschino liqueur,,28
"4 egg whites, lightly beaten",,28
4 tablespoons butter or ghee,,28
"4 tablespoons butter, melted",,28
400 ml demerara simple syrup,,28
"400g lemon, freshly squeezed",,28
"400g sparkling wine, chilled",,28
400ml cranberry simple syrup,,28
"450ml dry lambrusco, chilled",,28
5 oz strawberry simple syrup,,28
50 g fresh pomegranate juice,,28
500 g unfiltered apple cider,,28
500 ml rosemary simple syrup,,28
50g lillet blonde (optional),,28
50ml fresh pomegranate juice,,28
"550 ml dry vermouth, chilled",,28
"6 oz sparkling wine, chilled",,28
"6 tsp coriander seed, ground",,28
"6 1/2 oz ginger juice, fresh",,28
6 1/2 tbsp edible gold flake,,28
6 1/2 teaspoon garlic powder,,28
6 1/3 dash chocolate bitters,,28
6 1/4 dash angostura bitters,,28
6 1/4 medium lime (optional),,28
6 1/8 dash angostura bitters,,28
6 1/8 dash burlesque bitters,,28
6 1/8 oz elderflower liqueur,,28
6 1/8 pounds russet potatoes,,28
6 2/3 dash chocolate bitters,,28
"6 2/3 lemon, cut into wheels",,28
6 2/3 tbsp edible gold flake,,28
"6 3/4 cup apple cider, fresh",,28
6 3/4 dash angostura bitters,,28
6 3/4 dash burlesque bitters,,28
"6 3/4 lemon, cut into wheels",,28
"6 3/4 oz ginger juice, fresh",,28
6 3/4 tsp maraschino liqueur,,28
"6 scallions, roughly chopped",,28
600 ml demerara simple syrup,,28
600 ml lavender simple syrup,,28
650 g lemon juice (optional),,28
650 ml lavender simple syrup,,28
650g fresh pomegranate juice,,28
650ml white balsamic vinegar,,28
700g fresh pomegranate juice,,28
"700g sparkling wine, chilled",,28
750 g unfiltered apple cider,,28
750 ml cardamom simple syrup,,28
"750g large lime juice, fresh",,28
"750g sparkling wine, chilled",,28
"750ml coffee, hot (optional)",,28
750ml rye whiskey (optional),,28
8 ounces dried or fresh soba,,28
800 ml demerara simple syrup,,28
"800 ml dry vermouth, chilled",,28
800 ml rosemary simple syrup,,28
850 ml beet juice (optional),,28
850 ml lavender simple syrup,,28
"900 g coffee, hot (optional)",,28
"900 ml cucumber juice, fresh",,28
900 ml lavender simple syrup,,28
"900g large lime juice, fresh",,28
"900g sparkling wine, chilled",,28
900ml lemon juice (optional),,28
"950 g dry lambrusco, chilled",,28
950g agave nectar (optional),,28
950g fresh pomegranate juice,,28
"cup fresh strawberry, sliced",,28
For serving: shredded cheese,,28
"graham crackers, for garnish",,28
kosher salt and black pepper,,28
"Mashed potatoes, for serving",,28
Optional: 1 oz fernet branca,,28
Optional: 1 1/2 stick celery,,28
Optional: 1 oz amaro sfumato,,28
Optional: 1 tbsp whole clove,,28
Optional: 1/2 cup fresh mint,,28
Optional: 1/2 dash cointreau,,28
Optional: 1/3 cup corn syrup,,28
Optional: 1/3 oz tonic water,,28
Optional: 1/4 oz ginger beer,,28
Optional: 1/4 oz rye whiskey,,28
Optional: 1/4 tsp whole mace,,28
Optional: 12 1/8 can clamato,,28
Optional: 12 1/8 oz allspice,,28
Optional: 2 2/3 dash bitters,,28
Optional: 2/3 large egg yolk,,28
Optional: 2/3 large ice cube,,28
"Optional: 2/3 oz coffee, hot",,28
Optional: 3 tsp simple syrup,,28
Optional: 3 1/3 oz grenadine,,28
Optional: 3/4 bottle bourbon,,28
Optional: 3/4 cup lime juice,,28
Optional: 3/4 oz pear brandy,,28
Optional: 3/4 tsp triple sec,,28
Optional: 4 1/4 piece orange,,28
Optional: 4 1/4 tsp absinthe,,28
Optional: 4 3/4 cup ice cube,,28
Optional: 6 1/4 oz club soda,,28
Optional: Gingerbread Syrup:,,28
Pinch or two of ground cumin,,28
"Red chili flakes, to garnish",,28
1 tbsp extra virgin olive oil,,29
1 (14 ounce) can coconut milk,,29
1 (14-ounce) can coconut milk,,29
1 ¬Ω teaspoons garam masala**,,29
1 1/2 cup apple cider vinegar,,29
"1 1/2 cup orange juice, fresh",,29
1 1/2 cup raw turbinado sugar,,29
1 1/2 cups (375ml) whole milk,,29
"1 1/2 pomegranate seed, fresh",,29
1 1/2 pounds Brussels sprouts,,29
1 1/2 tbsp malted milk powder,,29
1 1/2 teaspoons baking powder,,29
1 1/2 teaspoons ground ginger,,29
"1 1/3 cup orange juice, fresh",,29
"1 1/3 dash lemon juice, fresh",,29
1 1/3 oz pomegranate molasses,,29
1 1/4 oz vanilla simple syrup,,29
"1 1/4 tbsp fresh mint, minced",,29
1 1/8 cup charred lemon juice,,29
"1 1/8 dash lemon juice, fresh",,29
1 1/8 dash maraschino liqueur,,29
1 1/8 oz pomegranate molasses,,29
1 1/8 oz pureed concord grape,,29
"1 1/8 pomegranate seed, fresh",,29
"1 1/8 tbsp fresh mint, minced",,29
1 1/8 vanilla bean (optional),,29
1 3/4 cup charred lemon juice,,29
1 3/4 cup raw turbinado sugar,,29
1 3/4 dash maraschino liqueur,,29
1 3/4 oz pureed concord grape,,29
1 3/4 oz vanilla simple syrup,,29
1 barspoon maraschino liqueur,,29
1 black or green cardamom pod,,29
"1 bunch green onions, chopped",,29
1 cup cheddar cheese shredded,,29
1 cup pizza sauce or marinara,,29
"1 large yellow onion, chopped",,29
"1 maraschino cherry, optional",,29
"1 oz. Parmesan, finely grated",,29
1 pinch chipotle chile powder,,29
1 recipe banana whipped cream,,29
1 recipe blueberry pound cake,,29
1 recipe broccoli cheese soup,,29
1 recipe chocolate dutch baby,,29
1 recipe chocolate financiers,,29
1 recipe moroccan fish tagine,,29
1 recipe oatmeal banana bread,,29
1 recipe picadillo (optional),,29
1 recipe pistachio financiers,,29
1 recipe raspberry financiers,,29
1 recipe red wine vinaigrette,,29
1 recipe roasted poblano soup,,29
1 recipe roasted tomato salsa,,29
1 recipe smoked creme fraiche,,29
1 recipe spicy sicilian pizza,,29
1 recipe stracciatella gelato,,29
1 recipe strawberry ice cream,,29
1 recipe sweet and sour sauce,,29
1 recipe tangy macaroni salad,,29
1 recipe tonkotsu ramen broth,,29
1 recipe whole wheat pancakes,,29
"1 small onion, finely chopped",,29
1 tablespoon (15ml) soy sauce,,29
1 tablespoon allspice berries,,29
1 tablespoon fresh lime juice,,29
1 tablespoon red wine vinegar,,29
1 tbsp whole black peppercorn,,29
1 teaspoon of Thai fish sauce,,29
1 teaspoon salt (or to taste),,29
1 teaspoon white wine vinegar,,29
"1/2 black peppercorn, cracked",,29
1/2 cup corn syrup (optional),,29
"1/2 cup mixed berries, frozen",,29
1/2 drop orange blossom water,,29
1/2 floz chilled orange juice,,29
1/2 Lb. deli Black Forest ham,,29
"1/2 medium grapefruit, zested",,29
1/2 oz bacon flavored whiskey,,29
"1/2 oz coconut water, chilled",,29
"1/2 oz coffee, hot (optional)",,29
1/2 oz cranberry simple syrup,,29
"1/2 oz dry lambrusco, chilled",,29
"1/2 oz pineapple juice, fresh",,29
1/2 oz pineapple simple syrup,,29
"1/2 oz pink grapefruit, fresh",,29
1/2 oz unfiltered apple cider,,29
1/2 oz white balsamic vinegar,,29
"1/2 pod vanilla bean, scraped",,29
1/2 slice cucumber (optional),,29
1/2 tbsp lime zest (optional),,29
1/2 tbsp whole coriander seed,,29
1/2 teaspoon (4g) baking soda,,29
1/2 teaspoon ground coriander,,29
1/2 teaspoon red chili flakes,,29
1/2 teaspoon whole cumin seed,,29
1/2 tsp balsamic simple syrup,,29
1/2 tsp demerara simple syrup,,29
1/2 tsp freshly grated nutmeg,,29
1/2 tsp rose water (optional),,29
"1/2 wheel orange, for garnish",,29
"1/3 black peppercorn, cracked",,29
"1/3 cup mixed berries, frozen",,29
1/3 cup Vietnamese fish sauce,,29
1/3 cup whole milk (optional),,29
1/3 drop orange blossom water,,29
1/3 floz chilled orange juice,,29
"1/3 medium grapefruit, zested",,29
1/3 oz bacon flavored whiskey,,29
"1/3 oz coconut water, chilled",,29
1/3 oz cranberry simple syrup,,29
"1/3 oz dry lambrusco, chilled",,29
"1/3 oz pineapple juice, fresh",,29
1/3 oz pineapple simple syrup,,29
"1/3 oz pink grapefruit, fresh",,29
1/3 oz unfiltered apple cider,,29
1/3 oz white balsamic vinegar,,29
"1/3 pod vanilla bean, scraped",,29
1/3 tbsp white rum (optional),,29
1/3 tbsp whole coriander seed,,29
1/3 tsp balsamic simple syrup,,29
1/3 tsp demerara simple syrup,,29
1/3 tsp freshly grated nutmeg,,29
1/3 wedge cucumber (optional),,29
"1/3 wheel orange, for garnish",,29
"1/4 black peppercorn, cracked",,29
1/4 cup chopped fresh parsley,,29
1/4 cup finely chopped celery,,29
"1/4 cup mixed berries, frozen",,29
1/4 drop orange blossom water,,29
1/4 floz chilled orange juice,,29
1/4 large egg yolk (optional),,29
"1/4 medium grapefruit, zested",,29
1/4 oz bacon flavored whiskey,,29
"1/4 oz coconut water, chilled",,29
1/4 oz cranberry simple syrup,,29
"1/4 oz dry lambrusco, chilled",,29
"1/4 oz pineapple juice, fresh",,29
1/4 oz pineapple simple syrup,,29
"1/4 oz pink grapefruit, fresh",,29
1/4 oz unfiltered apple cider,,29
1/4 oz white balsamic vinegar,,29
"1/4 pod vanilla bean, scraped",,29
1/4 tbsp whole coriander seed,,29
1/4 tsp balsamic simple syrup,,29
1/4 tsp demerara simple syrup,,29
1/4 tsp freshly grated nutmeg,,29
"1/4 wheel orange, for garnish",,29
"1/8 black peppercorn, cracked",,29
1/8 cup lime juice (optional),,29
"1/8 cup mixed berries, frozen",,29
1/8 drop orange blossom water,,29
1/8 floz chilled orange juice,,29
"1/8 medium grapefruit, zested",,29
1/8 oz bacon flavored whiskey,,29
"1/8 oz coconut water, chilled",,29
1/8 oz cranberry simple syrup,,29
"1/8 oz dry lambrusco, chilled",,29
"1/8 oz pineapple juice, fresh",,29
1/8 oz pineapple simple syrup,,29
"1/8 oz pink grapefruit, fresh",,29
1/8 oz unfiltered apple cider,,29
1/8 oz white balsamic vinegar,,29
"1/8 pod vanilla bean, scraped",,29
1/8 tbsp white rum (optional),,29
1/8 tbsp whole coriander seed,,29
1/8 tsp balsamic simple syrup,,29
1/8 tsp demerara simple syrup,,29
1/8 tsp freshly grated nutmeg,,29
"1/8 wheel orange, for garnish",,29
1¬Ω cups (360 ml) heavy cream,,29
"1000 ml dry vermouth, chilled",,29
"1000g lemon, freshly squeezed",,29
100g lillet blonde (optional),,29
1050 ml demerara simple syrup,,29
1050g fresh pomegranate juice,,29
1050ml unfiltered apple cider,,29
1100 g rye whiskey (optional),,29
1100 g white balsamic vinegar,,29
"1100 ml dry vermouth, chilled",,29
1100 ml lavender simple syrup,,29
"1100 ml red grapefruit, fresh",,29
"1100g large lime juice, fresh",,29
1150 ml beet juice (optional),,29
1150 ml demerara simple syrup,,29
"1150g large lime juice, fresh",,29
12 oz grapefruit simple syrup,,29
"12 1/2 cup lemon juice, fresh",,29
"12 1/2 lemon, cut into rounds",,29
12 1/2 oz brut sparkling wine,,29
"12 1/2 oz ginger ale, chilled",,29
"12 1/2 oz orange juice, fresh",,29
12 1/2 oz strong black coffee,,29
12 1/2 tsp agave simple syrup,,29
12 1/3 dash peychauds bitters,,29
"12 1/3 lb strawberry, trimmed",,29
"12 1/3 oz hard cider, chilled",,29
12 1/3 tbsp cane simple syrup,,29
"12 1/4 cup lemon juice, fresh",,29
12 1/4 dash angostura bitters,,29
12 1/4 dash peychauds bitters,,29
"12 1/4 lb strawberry, trimmed",,29
12 1/4 oz brut sparkling wine,,29
12 1/4 oz elderflower liqueur,,29
"12 1/4 oz hard cider, chilled",,29
12 1/4 oz strong black coffee,,29
12 1/8 dash angostura bitters,,29
12 1/8 dash peychauds bitters,,29
12 1/8 oz elderflower liqueur,,29
"12 1/8 oz ginger ale, chilled",,29
12 1/8 sour cherry (optional),,29
12 2/3 cups ( ml) heavy cream,,29
12 2/3 dash angostura bitters,,29
12 2/3 dash peychauds bitters,,29
"12 2/3 oz orange juice, fresh",,29
12 3/4 dash angostura bitters,,29
"12 3/4 lemon, cut into rounds",,29
12 3/4 tbsp cane simple syrup,,29
12 3/4 tsp agave simple syrup,,29
12-15 breakfast sausage links,,29
"1200 g coffee, hot (optional)",,29
"1200 ml water, hot (optional)",,29
1200g agave nectar (optional),,29
1200ml unfiltered apple cider,,29
"1250 g dry lambrusco, chilled",,29
"1250 ml dry vermouth, chilled",,29
1250 ml rosemary simple syrup,,29
1300 g unfiltered apple cider,,29
1300 g white balsamic vinegar,,29
"1300 ml dry vermouth, chilled",,29
"1300 ml red grapefruit, fresh",,29
1350 g lemon juice (optional),,29
1350 g rye whiskey (optional),,29
1350 g unfiltered apple cider,,29
"1350g large lime juice, fresh",,29
"1400ml dry lambrusco, chilled",,29
1400ml rye whiskey (optional),,29
"1450 g dry lambrusco, chilled",,29
"1450 ml water, hot (optional)",,29
"1450g lemon, freshly squeezed",,29
"1450ml dry lambrusco, chilled",,29
1450ml unfiltered apple cider,,29
"150 g large lime juice, fresh",,29
150 ml lemon juice (optional),,29
1500 ml lavender simple syrup,,29
"1500g large lime juice, fresh",,29
"1500ml coffee, hot (optional)",,29
"1500ml dry lambrusco, chilled",,29
2 pinch chipotle chile powder,,29
2 (1-inch) pieces of cinnamon,,29
2 1/2 cup apple cider vinegar,,29
2 1/2 cups Meadow Gold eggnog,,29
2 1/2 oz pomegranate molasses,,29
2 1/2 oz rooibos simple syrup,,29
2 1/4 cup apple cider vinegar,,29
2 1/4 oz applejack (optional),,29
2 1/4 oz rooibos simple syrup,,29
2 1/4 slice green bell pepper,,29
"2 1/8 cup beef broth, chilled",,29
2 1/8 cup ice cube (optional),,29
2 3/4 dash grapefruit bitters,,29
"2 3/4 dash lemon juice, fresh",,29
2 cups finely chopped cabbage,,29
"2 large onions, split in half",,29
"2 oz champagne, approximately",,29
2 pounds beef honeycomb tripe,,29
"2 ribs celery, finely chopped",,29
"2 tablespoons butter, divided",,29
2 tablespoons light soy sauce,,29
2 tablespoons red curry paste,,29
2 tablespoons unsalted butter,,29
2 tbsp extra virgin olive oil,,29
2 teaspoons (8g) ground cumin,,29
2 teaspoons ground cumin seed,,29
2 teaspoons whole fennel seed,,29
2‚Äâ¬º cups all-purpose flour,,29
2‚Äâ¬Ω teaspoons chili powder,,29
"2/3 black peppercorn, cracked",,29
2/3 cup buttermilk (optional),,29
"2/3 cup mixed berries, frozen",,29
2/3 cup triple sec (optional),,29
2/3 cup whole milk (optional),,29
2/3 drop orange blossom water,,29
2/3 floz chilled orange juice,,29
2/3 ft cheesecloth (optional),,29
2/3 large egg yolk (optional),,29
"2/3 medium grapefruit, zested",,29
2/3 oz bacon flavored whiskey,,29
"2/3 oz coconut water, chilled",,29
2/3 oz cranberry simple syrup,,29
"2/3 oz dry lambrusco, chilled",,29
2/3 oz fino sherry (optional),,29
"2/3 oz pineapple juice, fresh",,29
2/3 oz pineapple simple syrup,,29
"2/3 oz pink grapefruit, fresh",,29
2/3 oz unfiltered apple cider,,29
2/3 oz white balsamic vinegar,,29
"2/3 pod vanilla bean, scraped",,29
2/3 sprig rosemary (optional),,29
2/3 tbsp whole coriander seed,,29
2/3 tsp balsamic simple syrup,,29
2/3 tsp demerara simple syrup,,29
2/3 tsp freshly grated nutmeg,,29
"2/3 wheel orange, for garnish",,29
"200 g lemon, freshly squeezed",,29
"200 ml dry lambrusco, chilled",,29
200 ml white balsamic vinegar,,29
"200ml sparkling wine, chilled",,29
"250g cava, chilled (optional)",,29
250g granny smith apple cider,,29
"250ml large lime juice, fresh",,29
"250ml lemon, freshly squeezed",,29
3 1/2 oz club soda (optional),,29
"3 1/2 tbsp fresh mint, minced",,29
3 1/3 cup apple cider vinegar,,29
"3 1/3 dash lemon juice, fresh",,29
3 1/3 teaspoons ground ginger,,29
3 1/4 oz rooibos simple syrup,,29
"3 1/4 pomegranate seed, fresh",,29
"3 1/8 tbsp fresh mint, minced",,29
"3 1/8 tbsp white onion, diced",,29
"3 2/3 tbsp white onion, diced",,29
3 3/4 cup apple cider vinegar,,29
3 cups short grain sushi rice,,29
3 tablespoons toasted paprika,,29
3 tablespoons unsalted butter,,29
3 to 4 tablespoons buttermilk,,29
"3/4 black peppercorn, cracked",,29
3/4 cup mayonnaise (see note),,29
"3/4 cup mixed berries, frozen",,29
3/4 drop orange blossom water,,29
3/4 floz chilled orange juice,,29
"3/4 medium grapefruit, zested",,29
3/4 oz bacon flavored whiskey,,29
"3/4 oz coconut water, chilled",,29
3/4 oz cranberry simple syrup,,29
"3/4 oz dry lambrusco, chilled",,29
"3/4 oz pineapple juice, fresh",,29
3/4 oz pineapple simple syrup,,29
"3/4 oz pink grapefruit, fresh",,29
3/4 oz unfiltered apple cider,,29
3/4 oz white balsamic vinegar,,29
"3/4 pod vanilla bean, scraped",,29
3/4 sprig marjoram (optional),,29
3/4 tbsp whole coriander seed,,29
3/4 tsp balsamic simple syrup,,29
3/4 tsp demerara simple syrup,,29
3/4 tsp freshly grated nutmeg,,29
"3/4 wheel orange, for garnish",,29
"300 g sparkling wine, chilled",,29
"350 g large lime juice, fresh",,29
"350 ml coffee, hot (optional)",,29
"350ml large lime juice, fresh",,29
"36 oz sparkling wine, chilled",,29
4 tbsp extra virgin olive oil,,29
4 tsp simple syrup (optional),,29
"4 1/2 oz cool, filtered water",,29
4 1/2 oz pureed concord grape,,29
4 1/3 dash grapefruit bitters,,29
4 1/3 tablespoons kosher salt,,29
"4 1/3 tbsp lemon zest, grated",,29
4 1/4 dash grapefruit bitters,,29
4 1/4 oz brewed chamomile tea,,29
"4 1/4 tbsp lemon zest, grated",,29
4 1/8 oz brewed chamomile tea,,29
4 1/8 teaspoons ground ginger,,29
4 1/8 tsp absinthe (optional),,29
"4 2/3 oz cool, filtered water",,29
4 2/3 oz pureed concord grape,,29
4 2/3 teaspoons ground ginger,,29
4 3/4 cup ice cube (optional),,29
4 3/4 oz cointreau (optional),,29
"4 large eggs, whisked lightly",,29
4 oz granny smith apple cider,,29
4 tablespoons unsalted butter,,29
4 teaspoons (20g) kosher salt,,29
"400 g large lime juice, fresh",,29
400 ml cranberry simple syrup,,29
400 ml unfiltered apple cider,,29
400g cardamom-infused bourbon,,29
400g granny smith apple cider,,29
400g sweetened condensed milk,,29
450g cardamom-infused bourbon,,29
"450g cava, chilled (optional)",,29
5 tbsp extra virgin olive oil,,29
"500 g large lime juice, fresh",,29
550 g agave nectar (optional),,29
550 ml cranberry simple syrup,,29
550 ml rye whiskey (optional),,29
550g granny smith apple cider,,29
550ml fresh pomegranate juice,,29
6 oz cardamom-infused bourbon,,29
"6 oz champagne, approximately",,29
6 1/2 dash bitters (optional),,29
6 1/3 cup apple cider vinegar,,29
6 1/3 cup raw turbinado sugar,,29
"6 1/3 oz apple cider, chilled",,29
6 1/4 dash grapefruit bitters,,29
6 1/4 tablespoons kosher salt,,29
6 1/4 tbsp malted milk powder,,29
6 1/8 cup raw turbinado sugar,,29
6 1/8 dash grapefruit bitters,,29
"6 1/8 oz apple cider, chilled",,29
"6 1/8 slice dried pear, fresh",,29
6 1/8 tablespoons kosher salt,,29
6 2/3 cup apple cider vinegar,,29
6 2/3 oz pomegranate molasses,,29
6 3/4 cup apple cider vinegar,,29
"6 3/4 slice dried pear, fresh",,29
6 3/4 tbsp malted milk powder,,29
"600 g large lime juice, fresh",,29
650ml agave nectar (optional),,29
"650ml sparkling wine, chilled",,29
700 ml unfiltered apple cider,,29
700 ml white balsamic vinegar,,29
"750 g large lime juice, fresh",,29
750 ml lemon juice (optional),,29
750 ml rye whiskey (optional),,29
750ml fresh pomegranate juice,,29
8 oz semisweet chocolate chip,,29
"800 g lemon, freshly squeezed",,29
"800 ml dry lambrusco, chilled",,29
800 ml unfiltered apple cider,,29
"800g champagne, approximately",,29
"850 g sparkling wine, chilled",,29
900 g agave nectar (optional),,29
"900 ml coffee, hot (optional)",,29
900g semisweet chocolate chip,,29
950g cardamom-infused bourbon,,29
"950g champagne, approximately",,29
additional fresh black pepper,,29
Few gratings fresh lemon zest,,29
Optional: can grapefruit soda,,29
Optional: 1 3/4 oz lime juice,,29
Optional: 1/2 tbsp lemon zest,,29
Optional: 1/3 cup kosher salt,,29
"Optional: 1/3 cup water, cold",,29
Optional: 1/4 oz pine liqueur,,29
Optional: 1/4 tbsp lemon zest,,29
Optional: 1/4 tsp kosher salt,,29
Optional: 1/8 cup crushed ice,,29
Optional: 1/8 oz apple brandy,,29
Optional: 1/8 oz lillet rouge,,29
Optional: 1/8 oz pine liqueur,,29
Optional: 1/8 tsp lemon juice,,29
Optional: 12 2/3 dash bitters,,29
Optional: 2 in cinnamon stick,,29
Optional: 2/3 oz carrot juice,,29
Optional: 2/3 tbsp lemon zest,,29
Optional: 3 3/4 oz beet juice,,29
"Optional: 3/4 oz lemon, fresh",,29
Optional: 3/4 oz simple syrup,,29
Optional: 4 oz blanco tequila,,29
Optional: 4 1/2 dash absinthe,,29
Optional: 4 1/3 dash absinthe,,29
Optional: 4 3/4 dash absinthe,,29
Optional: 6 1/8 oz lime juice,,29
Optional: 6 2/3 bottle scotch,,29
Optional: 6 oz cherry heering,,29
"sugar, as required (optional)",,29
"1 medium cloves garlic, minced",,30
"1 1/2 cup kosher salt, divided",,30
1 1/2 oz cinnamon simple syrup,,30
1 1/2 oz demerara simple syrup,,30
"1 1/2 tbsp horseradish, grated",,30
1 1/3 tsp worcestershire sauce,,30
1 1/4 fluid ounces heavy cream,,30
"1 1/4 tbsp horseradish, grated",,30
1 1/8 fluid ounces heavy cream,,30
1 1/8 tsp worcestershire sauce,,30
1 2/3 tsp orange blossom water,,30
1 2/3 tsp worcestershire sauce,,30
1 3/4 cup cranberry (optional),,30
"1 3/4 cup kosher salt, divided",,30
1 3/4 oz demerara simple syrup,,30
1 3/4 tsp worcestershire sauce,,30
"1 baguette, sliced and toasted",,30
"1 cup fresh strawberry, sliced",,30
1 cup jaggery sugar (see note),,30
"1 medium onion, chopped finely",,30
"1 medium onion, finely chopped",,30
"1 medium yellow onion, chopped",,30
"1 oz ginger, peeled (optional)",,30
1 oz passionfruit simple syrup,,30
1 pinch smoked salt (optional),,30
"1 pound cream cheese, softened",,30
1 recipe butternut squash soup,,30
1 recipe chili verde with pork,,30
1 recipe classic chicken salad,,30
1 recipe elephant garlic chips,,30
1 recipe extra flaky pie crust,,30
1 recipe gluten free cornbread,,30
1 recipe homemade marshmallows,,30
1 recipe indian butter chicken,,30
1 recipe japanese potato salad,,30
1 recipe lebanese garlic sauce,,30
1 recipe peanut butter cookies,,30
1 recipe potato parsnip latkes,,30
1 recipe red pepper bruschetta,,30
1 recipe roasted banana sorbet,,30
1 recipe roasted layered beets,,30
1 recipe simple barbecue sauce,,30
1 recipe snickerdoodle cookies,,30
1 recipe vanilla whipped cream,,30
1 recipe whole wheat pie crust,,30
1 tablespoon all purpose flour,,30
1 tablespoon fresh lemon juice,,30
1 tablespoon pumpkin pie spice,,30
1 tablespoon white peppercorns,,30
1 teaspoon grated fresh ginger,,30
1 teaspoon ground black pepper,,30
1 teaspoon minced fresh ginger,,30
"1 teaspoon wasabi, or to taste",,30
1 teaspoon yellow curry powder,,30
1 to 2 tablespoons lemon juice,,30
1/2 cup chopped¬†fresh parsley,,30
1/2 cup extra-virgin olive oil,,30
1/2 cup ginger beer (optional),,30
"1/2 cup pink grapefruit, fresh",,30
"1/2 large peach, thinly sliced",,30
"1/2 lb lemon, room temperature",,30
"1/2 lemon zest, freshly grated",,30
1/2 oz fresh pomegranate juice,,30
1/2 oz grapefruit simple syrup,,30
"1/2 oz large lime juice, fresh",,30
"1/2 oz lemon, freshly squeezed",,30
1/2 oz medium grapefruit juice,,30
"1/2 oz sparkling wine, chilled",,30
1/2 oz strawberry simple syrup,,30
1/2 tablespoon turmeric powder,,30
1/2 teaspoon juice from 1 lime,,30
1/2 teaspoon red-pepper flakes,,30
1/2 tsp citric acid (optional),,30
"1/2 tsp coriander seed, ground",,30
1/2 tsp ground pink peppercorn,,30
"1/2 tsp nutmeg, freshly grated",,30
1/2 tsp whole black peppercorn,,30
1/3 cup brown sugar (optional),,30
"1/3 cup pink grapefruit, fresh",,30
1/3 large egg yolks (optional),,30
"1/3 large peach, thinly sliced",,30
"1/3 lb lemon, room temperature",,30
1/3 leaf fresh mint (optional),,30
"1/3 lemon zest, freshly grated",,30
1/3 oz apple brandy (optional),,30
1/3 oz coconut milk (optional),,30
1/3 oz fresh pomegranate juice,,30
1/3 oz grapefruit simple syrup,,30
"1/3 oz large lime juice, fresh",,30
"1/3 oz lemon, freshly squeezed",,30
1/3 oz medium grapefruit juice,,30
"1/3 oz sparkling wine, chilled",,30
1/3 oz strawberry simple syrup,,30
1/3 qt simple syrup (optional),,30
"1/3 tsp coriander seed, ground",,30
1/3 tsp ground pink peppercorn,,30
"1/3 tsp nutmeg, freshly grated",,30
1/3 tsp whole black peppercorn,,30
1/4 cup extra-virgin olive oil,,30
1/4 cup finely minced cilantro,,30
1/4 cup maple syrup (optional),,30
"1/4 cup pink grapefruit, fresh",,30
"1/4 cup vegetable oil, divided",,30
"1/4 large peach, thinly sliced",,30
"1/4 lb lemon, room temperature",,30
"1/4 lemon zest, freshly grated",,30
1/4 oz agave nectar (optional),,30
1/4 oz fresh pomegranate juice,,30
1/4 oz grapefruit simple syrup,,30
"1/4 oz large lime juice, fresh",,30
"1/4 oz lemon, freshly squeezed",,30
1/4 oz medium grapefruit juice,,30
"1/4 oz sparkling wine, chilled",,30
1/4 oz strawberry simple syrup,,30
1/4 tbsp watercress (optional),,30
1/4 teaspoon red pepper flakes,,30
1/4 tsp celery salt (optional),,30
"1/4 tsp coriander seed, ground",,30
1/4 tsp ground pink peppercorn,,30
"1/4 tsp nutmeg, freshly grated",,30
1/4 tsp whole black peppercorn,,30
"1/8 cup pink grapefruit, fresh",,30
"1/8 large peach, thinly sliced",,30
"1/8 lb lemon, room temperature",,30
"1/8 lemon zest, freshly grated",,30
"1/8 lime, quartered (optional)",,30
1/8 oz agave nectar (optional),,30
1/8 oz amaro nonino (optional),,30
1/8 oz apple brandy (optional),,30
1/8 oz fresh pomegranate juice,,30
1/8 oz grapefruit simple syrup,,30
"1/8 oz large lime juice, fresh",,30
"1/8 oz lemon, freshly squeezed",,30
1/8 oz medium grapefruit juice,,30
"1/8 oz sparkling wine, chilled",,30
1/8 oz strawberry simple syrup,,30
"1/8 tsp coriander seed, ground",,30
1/8 tsp ground pink peppercorn,,30
"1/8 tsp nutmeg, freshly grated",,30
1/8 tsp whole black peppercorn,,30
10 grams white or black pepper,,30
100 g cardamom-infused bourbon,,30
100 g granny smith apple cider,,30
100 ml fresh pomegranate juice,,30
"1000 g large lime juice, fresh",,30
1050 g fresh pomegranate juice,,30
"1050 g lemon, freshly squeezed",,30
"1050ml large lime juice, fresh",,30
"1100 g sparkling wine, chilled",,30
1100g semisweet chocolate chip,,30
"1100ml large lime juice, fresh",,30
"1100ml lemon, freshly squeezed",,30
"1100ml sparkling wine, chilled",,30
"1150 ml dry lambrusco, chilled",,30
1150g cardamom-infused bourbon,,30
12 oz granny smith apple cider,,30
12 oz semisweet chocolate chip,,30
12 1/2 dash grapefruit bitters,,30
"12 1/2 oz cool, filtered water",,30
12 1/2 slice green bell pepper,,30
12 1/3 cup apple cider vinegar,,30
"12 1/3 cup beef broth, chilled",,30
12 1/3 dash maraschino liqueur,,30
12 1/4 dash maraschino liqueur,,30
12 1/8 cup apple cider vinegar,,30
"12 1/8 dash lemon juice, fresh",,30
"12 1/8 slice dried pear, fresh",,30
"12 2/3 cup orange juice, fresh",,30
"12 2/3 dash lemon juice, fresh",,30
"12 2/3 tbsp white onion, diced",,30
12 3/4 cup aged rum (optional),,30
"12 3/4 cup beef broth, chilled",,30
12 3/4 oz brewed chamomile tea,,30
"12 3/4 tbsp white onion, diced",,30
1200 g fresh pomegranate juice,,30
"1200 g large lime juice, fresh",,30
"1200 ml dry lambrusco, chilled",,30
1200ml agave nectar (optional),,30
"1200ml large lime juice, fresh",,30
"1200ml lemon, freshly squeezed",,30
"1250ml large lime juice, fresh",,30
"1250ml lemon, freshly squeezed",,30
"1300 g lemon, freshly squeezed",,30
1300 ml unfiltered apple cider,,30
1300g granny smith apple cider,,30
"1300ml large lime juice, fresh",,30
1350 g fresh pomegranate juice,,30
"1350ml sparkling wine, chilled",,30
"1400 g large lime juice, fresh",,30
"1400 g sparkling wine, chilled",,30
1450g sweetened condensed milk,,30
1450ml fresh pomegranate juice,,30
"1450ml large lime juice, fresh",,30
"150 ml sparkling wine, chilled",,30
150ml granny smith apple cider,,30
150ml lillet blonde (optional),,30
2 cup concord grape (optional),,30
"2 oz cocchi americano, chilled",,30
"2 1/2 cup tonic water, chilled",,30
2 1/2 floz chilled peach juice,,30
2 1/2 NO Cartridges (optional),,30
2 1/2 oz lavender simple syrup,,30
2 1/2 tsp whole coriander seed,,30
2 1/3 floz chilled peach juice,,30
2 1/3 oz demerara simple syrup,,30
2 1/4 oz cardamom simple syrup,,30
2 1/4 tbsp spiced simple syrup,,30
"2 1/8 cup kosher salt, divided",,30
2 1/8 floz chilled peach juice,,30
2 1/8 oz cardamom simple syrup,,30
2 1/8 oz demerara simple syrup,,30
"2 2/3 cup tonic water, chilled",,30
2 2/3 dash absinthe (optional),,30
2 2/3 oz demerara simple syrup,,30
2 2/3 oz lavender simple syrup,,30
"2 3/4 cup kosher salt, divided",,30
2 3/4 teaspoon ground cinnamon,,30
2 bunches fresh mustard greens,,30
2 cups baby spinach (optional),,30
2 cups cheddar cheese shredded,,30
2 cups finely chopped broccoli,,30
"2 garlic cloves, thinly sliced",,30
"2 medium cloves garlic, minced",,30
2 tablespoons Asian fish sauce,,30
2 tablespoons dark brown sugar,,30
2 tablespoons sugar (optional),,30
2 teaspoons hot smoked paprika,,30
"2 whole limes, cut into wedges",,30
2/3 cup lemon juice (optional),,30
"2/3 cup pink grapefruit, fresh",,30
"2/3 large peach, thinly sliced",,30
"2/3 lb lemon, room temperature",,30
"2/3 lemon zest, freshly grated",,30
2/3 oz celery juice (optional),,30
2/3 oz fresh pomegranate juice,,30
2/3 oz grapefruit simple syrup,,30
"2/3 oz large lime juice, fresh",,30
"2/3 oz lemon, fresh (optional)",,30
"2/3 oz lemon, freshly squeezed",,30
2/3 oz medium grapefruit juice,,30
"2/3 oz sparkling wine, chilled",,30
2/3 oz strawberry simple syrup,,30
"2/3 tsp coriander seed, ground",,30
2/3 tsp ground pink peppercorn,,30
"2/3 tsp nutmeg, freshly grated",,30
2/3 tsp whole black peppercorn,,30
200 g cardamom-infused bourbon,,30
200 ml fresh pomegranate juice,,30
"200 ml large lime juice, fresh",,30
"200g blood orange juice, fresh",,30
200ml sweetened condensed milk,,30
"250 ml large lime juice, fresh",,30
"3 oz ginger, peeled (optional)",,30
"3 1/2 tbsp horseradish, grated",,30
3 1/2 tsp whole coriander seed,,30
3 1/3 oz molasses simple syrup,,30
"3 1/3 oz red grapefruit, fresh",,30
3 1/3 teaspoon (g) baking soda,,30
3 1/3 tsp worcestershire sauce,,30
3 1/4 oz molasses simple syrup,,30
3 1/4 tsp whole coriander seed,,30
"3 1/8 tbsp horseradish, grated",,30
3 1/8 tbsp spiced simple syrup,,30
"3 2/3 oz dry vermouth, chilled",,30
3 2/3 oz punt e mes (optional),,30
3 2/3 tsp orange blossom water,,30
3 2/3 tsp worcestershire sauce,,30
"3 3/4 lemon, zested (optional)",,30
"3 3/4 oz red grapefruit, fresh",,30
3 3/4 tsp worcestershire sauce,,30
"3 garlic cloves, thinly sliced",,30
"3 medium cloves garlic, minced",,30
3/4 cup lemon juice (optional),,30
"3/4 cup pink grapefruit, fresh",,30
"3/4 large peach, thinly sliced",,30
"3/4 lb lemon, room temperature",,30
"3/4 lemon zest, freshly grated",,30
3/4 oz fresh pomegranate juice,,30
3/4 oz grapefruit simple syrup,,30
"3/4 oz large lime juice, fresh",,30
"3/4 oz lemon, freshly squeezed",,30
3/4 oz medium grapefruit juice,,30
"3/4 oz sparkling wine, chilled",,30
3/4 oz strawberry simple syrup,,30
"3/4 tsp coriander seed, ground",,30
3/4 tsp ground pink peppercorn,,30
"3/4 tsp nutmeg, freshly grated",,30
3/4 tsp whole black peppercorn,,30
"300 ml large lime juice, fresh",,30
"300ml champagne, approximately",,30
350ml granny smith apple cider,,30
4 oz passionfruit simple syrup,,30
"4 1/2 bottle prosecco, chilled",,30
4 1/2 oz lavender simple syrup,,30
4 1/2 oz molasses simple syrup,,30
4 1/3 cup prepared horseradish,,30
"4 1/3 cup tonic water, chilled",,30
4 1/3 oz cardamom simple syrup,,30
4 1/3 tbsp apple cider vinegar,,30
4 1/4 cup prepared horseradish,,30
4 1/4 oz molasses simple syrup,,30
"4 1/8 bottle prosecco, chilled",,30
4 1/8 oz cardamom simple syrup,,30
"4 2/3 cup tonic water, chilled",,30
4 2/3 oz lavender simple syrup,,30
4 3/4 oz rosemary simple syrup,,30
"4 garlic cloves, thinly sliced",,30
"4 oz blood orange juice, fresh",,30
4 to 5 Finely sliced scallions,,30
"400 ml lemon, freshly squeezed",,30
"450 ml sparkling wine, chilled",,30
500 ml agave nectar (optional),,30
"500 ml large lime juice, fresh",,30
"500 ml lemon, freshly squeezed",,30
"500 ml sparkling wine, chilled",,30
"500ml cava, chilled (optional)",,30
"550ml champagne, approximately",,30
6 oz orange curacao (optional),,30
6 oz passionfruit simple syrup,,30
6 1/2 dash pomegranate bitters,,30
6 1/2 oz demerara simple syrup,,30
6 1/2 oz rosemary simple syrup,,30
"6 1/2 oz water, hot (optional)",,30
6 1/3 floz chilled peach juice,,30
6 1/3 oz cinnamon simple syrup,,30
6 1/3 oz demerara simple syrup,,30
6 1/3 tbsp apple cider vinegar,,30
6 1/3 teaspoon (g) baking soda,,30
"6 1/4 stalk lemongrass, sliced",,30
6 1/4 tbsp apple cider vinegar,,30
6 1/8 teaspoon (g) baking soda,,30
6 2/3 cup prepared horseradish,,30
6 2/3 dash pomegranate bitters,,30
6 2/3 oz demerara simple syrup,,30
6 2/3 oz rosemary simple syrup,,30
6 3/4 cup prepared horseradish,,30
6 3/4 oz cinnamon simple syrup,,30
"6 3/4 stalk lemongrass, sliced",,30
"6 cloves garlic, split in half",,30
"600 g cava, chilled (optional)",,30
600 g semisweet chocolate chip,,30
600ml granny smith apple cider,,30
"650 ml large lime juice, fresh",,30
650ml cardamom-infused bourbon,,30
700 g lillet blonde (optional),,30
700 g sweetened condensed milk,,30
700 ml agave nectar (optional),,30
"700 ml large lime juice, fresh",,30
"700 ml sparkling wine, chilled",,30
700g passionfruit simple syrup,,30
700ml granny smith apple cider,,30
"750 g cava, chilled (optional)",,30
750 ml fresh pomegranate juice,,30
750ml cardamom-infused bourbon,,30
"8 garlic cloves, finely grated",,30
"8 medium cloves garlic, minced",,30
8 ounces softened cream cheese,,30
"850 g champagne, approximately",,30
"850ml cava, chilled (optional)",,30
"900 ml large lime juice, fresh",,30
"950g cocchi americano, chilled",,30
950g passionfruit simple syrup,,30
950ml cardamom-infused bourbon,,30
About 1/3 cup water (optional),,30
additional sour cream to serve,,30
Crisp lettuce or fresh sprouts,,30
cup ( grams) all-purpose flour,,30
"Fluffy white rice, for serving",,30
Foolproof 2-Minute Hollandaise,,30
Optional: oz bornholmer bitter,,30
Optional: oz pomegranate juice,,30
Optional: oz sage simple syrup,,30
Optional: 1 1/2 oz tonic water,,30
Optional: 1 1/4 cup lime juice,,30
Optional: 1 3/4 slice cucumber,,30
Optional: 1 3/4 sprig rosemary,,30
Optional: 1 3/4 stick cinnamon,,30
"Optional: 1/2 jalapeno, sliced",,30
Optional: 1/3 cup cocoa powder,,30
Optional: 1/3 oz whipped cream,,30
"Optional: 1/4 oz cava, chilled",,30
Optional: 1/4 oz whipped cream,,30
Optional: 1/4 tbsp rye whiskey,,30
Optional: 1/8 dash pomegranate,,30
Optional: 1/8 grapefruit twist,,30
Optional: 1/8 oz fernet branca,,30
Optional: 1/8 oz gran classico,,30
"Optional: 1/8 raspberry, fresh",,30
Optional: 12 1/2 oz punt e mes,,30
Optional: 2 1/2 cup cold water,,30
Optional: 2 1/8 cup fresh mint,,30
Optional: 2/3 cup cocoa powder,,30
Optional: 2/3 cup simple syrup,,30
Optional: 2/3 oz honey liqueur,,30
Optional: 2/3 oz whipped cream,,30
Optional: 2/3 tbsp orange zest,,30
"Optional: 3 1/2 oz lime, fresh",,30
Optional: 3 1/3 oz rye whiskey,,30
Optional: 3 oz coconut seltzer,,30
"Optional: 3/4 leaf mint, fresh",,30
Optional: 3/4 oz lillet blonde,,30
Optional: 3/4 twist grapefruit,,30
Optional: 4 1/8 oz rye whiskey,,30
Optional: 4 3/4 candied ginger,,30
Optional: 4 3/4 oz heavy cream,,30
Optional: 6 1/3 oz benedictine,,30
Optional: 6 1/4 cup whole milk,,30
Optional: 6 1/4 oz rye whiskey,,30
oz unsweetened cranberry juice,,30
salt and black pepper to taste,,30
salt and fresh pepper to taste,,30
"Vanilla ice cream, for serving",,30
"1 tbsp butter, room temperature",,31
1 ¬Ω teaspoons ground coriander,,31
1 1/2 cups (355 ml) heavy cream,,31
"1 1/2 cups water, 110 degrees F",,31
1 1/2 floz chilled orange juice,,31
"1 1/2 medium grapefruit, zested",,31
"1 1/2 oz pineapple juice, fresh",,31
1 1/2 tablespoons vegetable oil,,31
1 1/2 tsp demerara simple syrup,,31
"1 1/3 oz coconut water, chilled",,31
1 1/3 oz pineapple simple syrup,,31
"1 1/3 oz pink grapefruit, fresh",,31
1 1/3 tsp demerara simple syrup,,31
"1 1/3 wheel orange, for garnish",,31
1 1/4 floz chilled orange juice,,31
"1 1/4 oz pink grapefruit, fresh",,31
1 1/4 oz unfiltered apple cider,,31
1 1/4 tbsp whole coriander seed,,31
"1 1/4 wheel orange, for garnish",,31
"1 1/8 oz coconut water, chilled",,31
1 15-ounce can crushed tomatoes,,31
"1 2/3 medium grapefruit, zested",,31
1 2/3 oz pineapple simple syrup,,31
"1 bunch fresh cilantro, chopped",,31
"1 cup heavy cream, well chilled",,31
1 dash grand marnier (optional),,31
"1 large tomato, cut into wedges",,31
1 recipe black bean quesadillas,,31
1 recipe black sesame ice cream,,31
1 recipe blueberry lemon scones,,31
1 recipe chocolate chip cookies,,31
1 recipe chocolate lava muffins,,31
1 recipe classic sandwich bread,,31
1 recipe clementine almond cake,,31
1 recipe coconut almond pudding,,31
1 recipe creamy french dressing,,31
1 recipe horseradish beet salad,,31
1 recipe peach upside down cake,,31
1 recipe shredded chicken tacos,,31
1 recipe spring vegetable salad,,31
1 recipe sweet potato casserole,,31
1 recipe thin crust pizza dough,,31
1 recipe tortilla pizza supreme,,31
1 recipe vegan black bean chili,,31
"1 tablepoon cornstarch, divided",,31
1 tablespoon cooking oil or fat,,31
1 tablespoon crushed red pepper,,31
1 tablespoon juice from 1 lemon,,31
"1 teaspoon kosher salt, divided",,31
1 teaspoon worcestershire sauce,,31
1/2 barspoon maraschino liqueur,,31
1/2 cup canola or vegetable oil,,31
1/2 cup freshly grated Parmesan,,31
1/2 cup plus 1 tablespoon water,,31
1/2 cup vegetable or canola oil,,31
"1/2 maraschino cherry, optional",,31
1/2 oz cardamom-infused bourbon,,31
"1/2 oz champagne, approximately",,31
1/2 oz coconut water (optional),,31
1/2 oz granny smith apple cider,,31
1/2 oz horseradish simple syrup,,31
"1/2 oz pomegranate juice, fresh",,31
1/2 oz semisweet chocolate chip,,31
1/2 oz sweetened condensed milk,,31
1/2 pinch chipotle chile powder,,31
1/2 tablespoons unsalted butter,,31
1/2 tbsp extra virgin olive oil,,31
1/2 tbsp whole black peppercorn,,31
1/2 teaspoons red pepper flakes,,31
1/3 barspoon maraschino liqueur,,31
1/3 cup (74g) light brown sugar,,31
"1/3 maraschino cherry, optional",,31
1/3 oz cardamom-infused bourbon,,31
"1/3 oz champagne, approximately",,31
1/3 oz granny smith apple cider,,31
1/3 oz horseradish simple syrup,,31
"1/3 oz pomegranate juice, fresh",,31
1/3 oz semisweet chocolate chip,,31
1/3 oz sweetened condensed milk,,31
1/3 pinch chipotle chile powder,,31
"1/3 raspberry, fresh (optional)",,31
1/3 tablespoons unsalted butter,,31
1/3 tbsp extra virgin olive oil,,31
1/3 tbsp whole black peppercorn,,31
1/4 barspoon maraschino liqueur,,31
1/4 cup (60ml) vodka or bourbon,,31
1/4 cup canola or vegetable oil,,31
1/4 cup distilled white vinegar,,31
1/4 cup finely sliced scallions,,31
1/4 head cauliflower (optional),,31
"1/4 maraschino cherry, optional",,31
1/4 oz cardamom-infused bourbon,,31
"1/4 oz champagne, approximately",,31
1/4 oz granny smith apple cider,,31
1/4 oz horseradish simple syrup,,31
"1/4 oz pomegranate juice, fresh",,31
1/4 oz semisweet chocolate chip,,31
1/4 oz sweetened condensed milk,,31
1/4 pinch chipotle chile powder,,31
"1/4 raspberry, fresh (optional)",,31
1/4 tablespoons unsalted butter,,31
1/4 tbsp extra virgin olive oil,,31
1/4 tbsp whole black peppercorn,,31
1/4 teaspoon crushed red pepper,,31
1/8 barspoon maraschino liqueur,,31
"1/8 maraschino cherry, optional",,31
1/8 oz cardamom-infused bourbon,,31
"1/8 oz cava, chilled (optional)",,31
"1/8 oz champagne, approximately",,31
1/8 oz granny smith apple cider,,31
1/8 oz horseradish simple syrup,,31
"1/8 oz pomegranate juice, fresh",,31
1/8 oz semisweet chocolate chip,,31
1/8 oz sweetened condensed milk,,31
1/8 pinch chipotle chile powder,,31
1/8 tablespoons unsalted butter,,31
1/8 Taste cane syrup (optional),,31
1/8 tbsp extra virgin olive oil,,31
1/8 tbsp whole black peppercorn,,31
1/8 tbsp whole clove (optional),,31
"100 ml cava, chilled (optional)",,31
100 ml granny smith apple cider,,31
1000g passionfruit simple syrup,,31
1050ml semisweet chocolate chip,,31
1100 g semisweet chocolate chip,,31
1100ml cardamom-infused bourbon,,31
1150 ml fresh pomegranate juice,,31
"1150g cocchi americano, chilled",,31
1150g passionfruit simple syrup,,31
"12 1/2 oz cucumber juice, fresh",,31
12 1/2 teaspoon ground cinnamon,,31
12 1/2 tsp worcestershire sauce,,31
12 1/3 oz demerara simple syrup,,31
12 1/3 teaspoon ground cinnamon,,31
"12 1/4 oz dry vermouth, chilled",,31
"12 1/4 oz red grapefruit, fresh",,31
"12 1/8 oz cucumber juice, fresh",,31
12 1/8 oz demerara simple syrup,,31
"12 1/8 stalk lemongrass, sliced",,31
"12 2/3 oz dry vermouth, chilled",,31
"12 2/3 oz red grapefruit, fresh",,31
"12 2/3 stalk lemongrass, sliced",,31
12 2/3 tsp worcestershire sauce,,31
12 3/4 oz demerara simple syrup,,31
12 3/4 tsp worcestershire sauce,,31
1200 g granny smith apple cider,,31
"1200 ml large lime juice, fresh",,31
1250 g cardamom-infused bourbon,,31
"1300 g champagne, approximately",,31
1300 g lillet blonde (optional),,31
1300ml sweetened condensed milk,,31
1350 g sweetened condensed milk,,31
"1350 ml lemon, freshly squeezed",,31
1350ml semisweet chocolate chip,,31
1400 g cardamom-infused bourbon,,31
1400 g granny smith apple cider,,31
"1400 ml lemon, freshly squeezed",,31
"1400g blood orange juice, fresh",,31
1400ml lillet blonde (optional),,31
"1450 ml large lime juice, fresh",,31
1500 g granny smith apple cider,,31
"18 medium cloves garlic, peeled",,31
"18 oz cocchi americano, chilled",,31
2 oz mint-flavored simple syrup,,31
"2 1/2 black peppercorn, cracked",,31
2 1/2 cup cold water (optional),,31
2 1/2 floz chilled orange juice,,31
"2 1/2 oz pineapple juice, fresh",,31
2 1/2 oz white balsamic vinegar,,31
"2 1/2 pod vanilla bean, scraped",,31
2 1/3 oz cranberry simple syrup,,31
2 1/3 oz old tom gin (optional),,31
"2 1/3 oz pineapple juice, fresh",,31
2 1/4 cup fresh mint (optional),,31
"2 1/8 black peppercorn, cracked",,31
"2 1/8 pod vanilla bean, scraped",,31
"2 2/3 oz pineapple juice, fresh",,31
2 3/4 oz dry curacao (optional),,31
2 3/4 oz white balsamic vinegar,,31
"2 cup brewed black tea, chilled",,31
2 cups low-sodium chicken broth,,31
"2 limes, each cut into 4 wedges",,31
"2 sprig fresh mint, leaves only",,31
2 star crushed anise (optional),,31
2 tablespoons (30ml) mayonnaise,,31
2 tablespoons fresh lemon juice,,31
2 teaspoons apple cider vinegar,,31
2 teaspoons grated fresh ginger,,31
2 teaspoons whole-grain mustard,,31
2 teaspoons yellow curry powder,,31
2/3 barspoon maraschino liqueur,,31
2/3 cup (160ml) pineapple juice,,31
"2/3 maraschino cherry, optional",,31
2/3 oz amaro sfumato (optional),,31
2/3 oz cardamom-infused bourbon,,31
"2/3 oz champagne, approximately",,31
2/3 oz granny smith apple cider,,31
2/3 oz horseradish simple syrup,,31
"2/3 oz pomegranate juice, fresh",,31
2/3 oz semisweet chocolate chip,,31
2/3 oz sweetened condensed milk,,31
2/3 pinch chipotle chile powder,,31
"2/3 raspberry, fresh (optional)",,31
2/3 strip lemon zest (optional),,31
2/3 tablespoons unsalted butter,,31
2/3 tbsp extra virgin olive oil,,31
2/3 tbsp whole black peppercorn,,31
"200 g cocchi americano, chilled",,31
200 ml semisweet chocolate chip,,31
250g orange ginger simple syrup,,31
250ml passionfruit simple syrup,,31
3 tsp orange bitters (optional),,31
3 1/2 oz cranberry simple syrup,,31
"3 1/2 oz dry lambrusco, chilled",,31
3 1/2 oz pineapple simple syrup,,31
3 1/2 tsp balsamic simple syrup,,31
3 1/3 oz cranberry simple syrup,,31
3 1/3 oz fino sherry (optional),,31
"3 1/3 pod vanilla bean, scraped",,31
3 1/4 oz white balsamic vinegar,,31
3 1/4 tbsp whole coriander seed,,31
3 1/8 floz chilled orange juice,,31
3 1/8 tbsp whole coriander seed,,31
"3 2/3 cup mixed berries, frozen",,31
3 2/3 floz chilled orange juice,,31
"3 2/3 oz dry lambrusco, chilled",,31
3 2/3 tsp balsamic simple syrup,,31
3 3/4 oz ginger beer (optional),,31
3 3/4 oz pineapple simple syrup,,31
3 cups low sodium chicken broth,,31
3 makrut lime leaves (optional),,31
"3 medium plum tomatoes, chopped",,31
3 oz orange ginger simple syrup,,31
3 pounds chicken backs or wings,,31
3 tablespoons (45ml) canola oil,,31
3 tablespoons light brown sugar,,31
3 tablespoons whole fennel seed,,31
3/4 barspoon maraschino liqueur,,31
3/4 cup rice vinegar (see note),,31
3/4 cup shredded Havarti cheese,,31
3/4 head cauliflower (optional),,31
"3/4 jalapeno, sliced (optional)",,31
"3/4 maraschino cherry, optional",,31
3/4 oz cardamom-infused bourbon,,31
"3/4 oz champagne, approximately",,31
3/4 oz granny smith apple cider,,31
3/4 oz horseradish simple syrup,,31
"3/4 oz pomegranate juice, fresh",,31
3/4 oz semisweet chocolate chip,,31
3/4 oz sweetened condensed milk,,31
3/4 oz whipped cream (optional),,31
3/4 pinch chipotle chile powder,,31
3/4 tablespoons unsalted butter,,31
3/4 tbsp extra virgin olive oil,,31
3/4 tbsp whole black peppercorn,,31
"4 oz lime juice, fresh squeezed",,31
4 oz mint-flavored simple syrup,,31
4 1/2 oz honey syrup (optional),,31
4 1/3 oz bacon flavored whiskey,,31
4 1/4 bottle seltzer (optional),,31
4 1/4 oz bacon flavored whiskey,,31
"4 1/8 oz pink grapefruit, fresh",,31
4 3/4 oz lemon juice (optional),,31
4 leaves of culantro (see note),,31
400g orange ginger simple syrup,,31
400ml passionfruit simple syrup,,31
"450ml blood orange juice, fresh",,31
"50 ml blood orange juice, fresh",,31
50 ml passionfruit simple syrup,,31
550 ml granny smith apple cider,,31
550g orange ginger simple syrup,,31
6 cup rosemary gin simple syrup,,31
6 1/2 cup triple sec (optional),,31
6 1/2 oz fino sherry (optional),,31
6 1/2 oz unfiltered apple cider,,31
6 1/2 tsp freshly grated nutmeg,,31
"6 1/3 black peppercorn, cracked",,31
"6 1/3 oz dry lambrusco, chilled",,31
6 1/4 drop orange blossom water,,31
6 1/4 oz lemon juice (optional),,31
"6 1/4 oz pineapple juice, fresh",,31
"6 2/3 black peppercorn, cracked",,31
6 2/3 drop orange blossom water,,31
6 2/3 oz unfiltered apple cider,,31
"6 3/4 oz pineapple juice, fresh",,31
"6 medium cloves garlic, smashed",,31
600g mint-flavored simple syrup,,31
650 ml granny smith apple cider,,31
700ml passionfruit simple syrup,,31
750 ml granny smith apple cider,,31
"8 ounces cream cheese, softened",,31
"8 tbsp butter, room temperature",,31
"850 ml champagne, approximately",,31
900 ml lillet blonde (optional),,31
950 ml cardamom-infused bourbon,,31
"Additional toppings, as desired",,31
"All-purpose flour, for dredging",,31
"Cornstarch, to prevent sticking",,31
For serving: sliced green onion,,31
"Freshly ground pepper, to taste",,31
Optional: can maraschino cherry,,31
Optional: oz blood orange juice,,31
Optional: tbsp granulated sugar,,31
Optional: 1 1/2 cup ginger beer,,31
Optional: 1 1/4 tsp citric acid,,31
Optional: 1 1/8 wedge pineapple,,31
Optional: 1 2/3 oz celery juice,,31
Optional: 1 recipe citrus salad,,31
Optional: 1 recipe fish chowder,,31
Optional: 1 recipe turnips anna,,31
"Optional: 1/3 cup water, heated",,31
Optional: 1/3 pinch brown sugar,,31
Optional: 1/3 tbsp cocoa powder,,31
Optional: 1/4 cup concord grape,,31
Optional: 1/4 oz orange curacao,,31
Optional: 1/4 oz sparkling wine,,31
"Optional: 1/4 qt water, chilled",,31
"Optional: 1/8 cup peach, frozen",,31
Optional: 12 1/3 oz mild fernet,,31
Optional: 12 1/4 slice cucumber,,31
Optional: 2 1/8 oz amaro nonino,,31
Optional: 2/3 pinch smoked salt,,31
Optional: 3 1/8 oz lillet blanc,,31
Optional: 3 3/4 oz pine liqueur,,31
Optional: 3 3/4 tsp benedictine,,31
Optional: 3/4 angostura bitters,,31
Optional: 3/4 oz cherry heering,,31
"Optional: 3/4 oz ginger, peeled",,31
Optional: 3/4 tsp harissa paste,,31
Optional: 4 oz orange marmalade,,31
Optional: 4 3/4 oz ginger juice,,31
Optional: 4 eggs lightly beaten,,31
"Optional: 6 2/3 lb bread, fresh",,31
Optional: 6 3/4 large egg white,,31
oz freshly squeezed lemon juice,,31
"oz lime juice, freshly squeezed",,31
Simple Syrup versus Sugar Cube:,,31
to taste lemon juice (optional),,31
1 (10 ounce) package frozen peas,,32
1 (12-ounce) can evaporated milk,,32
1 (8.8 ounce) package naan bread,,32
"1 1/2 cup pink grapefruit, fresh",,32
1 1/2 cups long-grain white rice,,32
1 1/2 cups orzo pasta (see note),,32
1 1/2 oz fresh pomegranate juice,,32
"1 1/2 tsp coriander seed, ground",,32
1 1/2 tsp ground pink peppercorn,,32
"1 1/3 tsp nutmeg, freshly grated",,32
"1 1/4 cup pink grapefruit, fresh",,32
"1 1/4 cup water, cold (optional)",,32
"1 1/4 tsp nutmeg, freshly grated",,32
1 1/8 tsp ground pink peppercorn,,32
"1 3/4 tsp nutmeg, freshly grated",,32
1 batch Cilantro Lime Brown Rice,,32
1 cup cheddar cheese for topping,,32
1 cup Japanese shoyu (soy sauce),,32
"1 head iceberg lettuce, shredded",,32
1 lb. (455 g) challah or brioche,,32
1 oz chicory-infused rye whiskey,,32
1 oz freshly squeezed lime juice,,32
1 recipe 40 cloves and a chicken,,32
1 recipe carrot and raisin salad,,32
1 recipe chilled cantaloupe soup,,32
1 recipe classic french omelette,,32
1 recipe cucumber and mint salad,,32
1 recipe french potato casserole,,32
1 recipe ginger molasses cookies,,32
1 recipe grilled cheese sandwich,,32
1 recipe make ahead quinoa salad,,32
1 recipe mango and arugula salad,,32
1 recipe pan roasted cauliflower,,32
1 recipe pear galette (optional),,32
1 recipe pressure cooker octopus,,32
1 recipe ramen chashu pork belly,,32
1 recipe shrimp tacos (optional),,32
1 recipe slow cooked baked beans,,32
1 recipe stovetop mac and cheese,,32
1 recipe sweet omelet (optional),,32
1 recipe watermelon rind pickles,,32
1 recipe whole roast cauliflower,,32
"1 serrano chili, roughly chopped",,32
"1 star anise, toasted and ground",,32
1 tablespoon apple cider vinegar,,32
1 tablespoon grated fresh ginger,,32
1 tablespoon minced fresh ginger,,32
1 tablespoon plain vegetable oil,,32
1 tablespoon yellow curry powder,,32
1 teaspoon dried Mexican oregano,,32
1 teaspoon fish sauce (optional),,32
"1 teaspoon lemon juice, to taste",,32
1 tsp vanilla extract (optional),,32
1/2 cup (110 grams) plain yogurt,,32
"1/2 cup fresh strawberry, sliced",,32
1/2 cup unsweetened cocoa powder,,32
"1/2 medium cloves garlic, minced",,32
"1/2 oz blood orange juice, fresh",,32
"1/2 oz cocchi americano, chilled",,32
1/2 oz passionfruit simple syrup,,32
1/2 teaspoon grated fresh ginger,,32
1/2 teaspoon whole mustard seeds,,32
"1/2 tsp pomegranate seed, ground",,32
"1/3 cup fresh strawberry, sliced",,32
1/3 cup unsweetened cocoa powder,,32
"1/3 medium cloves garlic, minced",,32
"1/3 oz blood orange juice, fresh",,32
"1/3 oz cocchi americano, chilled",,32
1/3 oz passionfruit simple syrup,,32
"1/3 tsp pomegranate seed, ground",,32
1/4 cup (55g) packed brown sugar,,32
1/4 cup concord grape (optional),,32
"1/4 cup fresh strawberry, sliced",,32
1/4 cup juice from 1 to 2 lemons,,32
1/4 cup low-sodium chicken stock,,32
1/4 cup unsweetened cocoa powder,,32
1/4 in cinnamon stick (optional),,32
"1/4 medium cloves garlic, minced",,32
"1/4 oz blood orange juice, fresh",,32
"1/4 oz cocchi americano, chilled",,32
1/4 oz passionfruit simple syrup,,32
"1/4 tsp pomegranate seed, ground",,32
"1/8 cup fresh strawberry, sliced",,32
1/8 cup unsweetened cocoa powder,,32
"1/8 medium cloves garlic, minced",,32
"1/8 oz blood orange juice, fresh",,32
"1/8 oz cocchi americano, chilled",,32
1/8 oz passionfruit simple syrup,,32
1/8 oz sparkling wine (optional),,32
1/8 oz sweet vermouth (optional),,32
"1/8 tsp pomegranate seed, ground",,32
1000 ml cardamom-infused bourbon,,32
1050 g passionfruit simple syrup,,32
1050 ml sweetened condensed milk,,32
"1100 g blood orange juice, fresh",,32
"1100 g cocchi americano, chilled",,32
1150 ml cardamom-infused bourbon,,32
"12 1/2 oz coconut water, chilled",,32
12 1/2 tsp freshly grated nutmeg,,32
"12 1/3 oz coconut water, chilled",,32
"12 1/4 cup mixed berries, frozen",,32
"12 1/4 medium grapefruit, zested",,32
"12 1/8 cup mixed berries, frozen",,32
12 3/4 tsp freshly grated nutmeg,,32
"12 to 16 flour tortillas, warmed",,32
1200 g passionfruit simple syrup,,32
1200 ml cardamom-infused bourbon,,32
1200 ml lillet blonde (optional),,32
1200 ml semisweet chocolate chip,,32
1200g orange ginger simple syrup,,32
"1200ml cocchi americano, chilled",,32
"1250ml cocchi americano, chilled",,32
"1300 ml champagne, approximately",,32
1300 ml sweetened condensed milk,,32
1300g mint-flavored simple syrup,,32
"1350 g blood orange juice, fresh",,32
"1400ml blood orange juice, fresh",,32
1450 g passionfruit simple syrup,,32
1450ml passionfruit simple syrup,,32
"1500 ml cava, chilled (optional)",,32
"150g dry sparkling wine, chilled",,32
150g freshly squeezed lime juice,,32
2 cup ( grams) fresh cranberries,,32
2 oz freshly squeezed lime juice,,32
2 1/2 cherry tomatoes (optional),,32
"2 1/2 lb lemon, room temperature",,32
2 1/2 oz grapefruit simple syrup,,32
2 1/3 oz fresh pomegranate juice,,32
2 1/3 oz grapefruit simple syrup,,32
"2 1/3 oz sparkling wine, chilled",,32
"2 1/3 tsp nutmeg, freshly grated",,32
2 1/4 oz fresh pomegranate juice,,32
"2 1/4 tsp nutmeg, freshly grated",,32
"2 1/8 lb lemon, room temperature",,32
2 2/3 oz agave nectar (optional),,32
2 2/3 oz dry vermouth (optional),,32
"2 2/3 oz lemon, freshly squeezed",,32
2 2/3 oz lillet blanc (optional),,32
"2 3/4 oz lemon, freshly squeezed",,32
"2 3/4 oz sparkling wine, chilled",,32
"2 cloves garlic, minced, divided",,32
2 cups old-fashioned rolled oats,,32
"2 garlic cloves, lightly crushed",,32
2 medium tomatoes chopped finely,,32
"2 minneola orange, finely zested",,32
"2 oz dry sparkling wine, chilled",,32
2 oz freshly squeezed lime juice,,32
2 quarts vegetable or peanut oil,,32
"2 sticks unsalted butter, melted",,32
2 tablespoon cooking oil or lard,,32
2 tablespoons (30g) ground cumin,,32
2 tablespoons berbere (see note),,32
2 tablespoons fresh thyme leaves,,32
2 tablespoons juice from 2 limes,,32
"2 tablespoons olive oil, divided",,32
2 tablespoons Shaoxing rice wine,,32
"2 tablespoons soy sauce, divided",,32
2 teaspoons whole coriander seed,,32
2 teaspoons¬†apple cider vinegar,,32
2 to 3 cups trimmed bean sprouts,,32
2‚Äâ¬Ω teaspoons red curry paste,,32
"2/3 cup fresh strawberry, sliced",,32
2/3 cup unsweetened cocoa powder,,32
"2/3 leaf basil, fresh (optional)",,32
"2/3 medium cloves garlic, minced",,32
"2/3 oz blood orange juice, fresh",,32
"2/3 oz cocchi americano, chilled",,32
2/3 oz passionfruit simple syrup,,32
2/3 peychauds bitters (optional),,32
2/3 pinch smoked salt (optional),,32
"2/3 tsp pomegranate seed, ground",,32
"200 ml blood orange juice, fresh",,32
250ml orange ginger simple syrup,,32
"3 cup pineapple, cut into chunks",,32
3 oz freshly squeezed lime juice,,32
3 oz unsweetened cranberry juice,,32
3 1/2 oz simple syrup (optional),,32
"3 1/2 oz sparkling wine, chilled",,32
"3 1/2 tsp nutmeg, freshly grated",,32
3 1/2 wedge tangerine (optional),,32
3 1/4 oz medium grapefruit juice,,32
"3 1/4 tsp nutmeg, freshly grated",,32
3 1/4 tsp whole black peppercorn,,32
3 1/8 tsp citric acid (optional),,32
"3 2/3 cup pink grapefruit, fresh",,32
"3 2/3 oz large lime juice, fresh",,32
3 2/3 oz strawberry simple syrup,,32
3 3/4 cup coffee bean (optional),,32
"3 3/4 lb lemon, room temperature",,32
"3 3/4 oz large lime juice, fresh",,32
"3 dried red chilies, or to taste",,32
3 oz. (85 g) dried tart cherries,,32
"3 small/medium zucchini, chopped",,32
"3/4 cup fresh strawberry, sliced",,32
3/4 cup unsweetened cocoa powder,,32
"3/4 medium cloves garlic, minced",,32
"3/4 oz blood orange juice, fresh",,32
3/4 oz cherry heering (optional),,32
"3/4 oz cocchi americano, chilled",,32
3/4 oz passionfruit simple syrup,,32
3/4 pinch smoked salt (optional),,32
3/4 slice apple juice (optional),,32
3/4 tbsp cocoa powder (optional),,32
"3/4 tsp pomegranate seed, ground",,32
350 ml passionfruit simple syrup,,32
350g chicory-infused rye whiskey,,32
"4 oz lemon juice, fresh squeezed",,32
"4 1/2 large peach, thinly sliced",,32
4 1/2 oz grapefruit simple syrup,,32
"4 1/2 oz large lime juice, fresh",,32
"4 1/2 oz lemon, freshly squeezed",,32
4 1/2 oz strawberry simple syrup,,32
"4 1/3 lemon zest, freshly grated",,32
"4 1/3 oz lemon, freshly squeezed",,32
4 1/3 oz simple syrup (optional),,32
"4 1/4 oz lemon, freshly squeezed",,32
"4 1/4 tsp nutmeg, freshly grated",,32
"4 1/8 oz lemon, freshly squeezed",,32
4 1/8 tsp whole black peppercorn,,32
"4 2/3 tsp nutmeg, freshly grated",,32
"4 3/4 oz large lime juice, fresh",,32
4 3/4 oz strawberry simple syrup,,32
4 3/4 tsp whole black peppercorn,,32
4 eggs lightly beaten (optional),,32
4 oz freshly squeezed lime juice,,32
4 slices black forest ham sliced,,32
400 g mint-flavored simple syrup,,32
450 ml passionfruit simple syrup,,32
500 g orange ginger simple syrup,,32
500g freshly squeezed lime juice,,32
50ml chicory-infused rye whiskey,,32
"50ml dry sparkling wine, chilled",,32
6 oz unsweetened cranberry juice,,32
"6 1/2 large peach, thinly sliced",,32
"6 1/3 tsp coriander seed, ground",,32
6 1/3 tsp whole anise (optional),,32
"6 1/4 large peach, thinly sliced",,32
6 1/4 oz fresh pomegranate juice,,32
"6 1/4 oz sparkling wine, chilled",,32
6 1/8 oz fresh pomegranate juice,,32
6 2/3 oz apple brandy (optional),,32
6 2/3 tsp ground pink peppercorn,,32
6 3/4 tsp ground pink peppercorn,,32
600 g orange ginger simple syrup,,32
700g chicory-infused rye whiskey,,32
750ml orange ginger simple syrup,,32
"8 cup seedless watermelon, cubed",,32
850g freshly squeezed lime juice,,32
850ml orange ginger simple syrup,,32
9 oz unsweetened cranberry juice,,32
"950 ml cocchi americano, chilled",,32
"950g dry sparkling wine, chilled",,32
"Canola or peanut oil, for frying",,32
dash green chartreuse (optional),,32
Finely diced onions and cilantro,,32
"Optional: cup lemon juice, fresh",,32
Optional: 1 1/3 oz gran classico,,32
Optional: 1 3/4 oz grand marnier,,32
"Optional: 1 cup butter, softened",,32
Optional: 1 recipe caprese salad,,32
Optional: 1 recipe waldorf salad,,32
Optional: 1 teaspoon kosher salt,,32
Optional: 1 teaspoon lemon juice,,32
Optional: 1/2 cup dry white wine,,32
Optional: 1/2 dash grand marnier,,32
Optional: 1/2 star crushed anise,,32
"Optional: 1/2 strawberry, halved",,32
Optional: 1/3 tsp dried lavender,,32
Optional: 1/4 slice small orange,,32
Optional: 1/8 cup apple schnapps,,32
"Optional: 1/8 cup cherry, pitted",,32
Optional: 1/8 dash lemon bitters,,32
Optional: 1/8 large orange twist,,32
Optional: 1/8 oz creme de cassis,,32
Optional: 12 bottle dry red wine,,32
Optional: 12 2/3 cup brown sugar,,32
Optional: 2 1/3 twist grapefruit,,32
Optional: 2 1/4 oz peach liqueur,,32
Optional: 2 cup granulated sugar,,32
"Optional: 2 oz lime juice, fresh",,32
Optional: 2/3 tsp almond extract,,32
Optional: 3 1/4 tbsp orange zest,,32
Optional: 3 3/4 oz gran classico,,32
Optional: 3 3/4 Taste cane syrup,,32
Optional: 3/4 cup demerara sugar,,32
Optional: 3/4 oz cranberry juice,,32
"Optional: 3/4 small lime, zested",,32
Optional: 3/4 Taste simple syrup,,32
Optional: 4 oz pomegranate juice,,32
Optional: 4 1/8 cup simple syrup,,32
Optional: 6 1/3 oz coconut water,,32
"oz champagne, chilled (optional)",,32
"1 tsp creme de violette, optional",,33
1 1/2 cups extra-virgin olive oil,,33
1 1/2 oz granny smith apple cider,,33
1 1/2 tbsp extra virgin olive oil,,33
1 1/4 cup coconut milk (optional),,33
1 2/3 tbsp extra virgin olive oil,,33
1 3/4 oz granny smith apple cider,,33
1 cup sake (about 8 ounces; 225g),,33
1 oz freshly squeezed lemon juice,,33
"1 oz lime juice, freshly squeezed",,33
1 pint cherry tomatoes (optional),,33
1 pound frozen hash browns thawed,,33
1 recipe adobo grilled pork chops,,33
1 recipe brown butter carrot cake,,33
1 recipe buttermilk drop biscuits,,33
1 recipe carrot and currant salad,,33
1 recipe chocolate walnut cookies,,33
1 recipe classic panzanella salad,,33
1 recipe cold soba and kale salad,,33
1 recipe colombian vegetable soup,,33
1 recipe cream cheese buttercream,,33
1 recipe garlic and olive octopus,,33
1 recipe grilled watermelon salad,,33
1 recipe italian herb vinaigrette,,33
1 recipe meat sauce for spaghetti,,33
1 recipe no knead english muffins,,33
1 recipe one bowl oatmeal cookies,,33
1 recipe overnight cinnamon rolls,,33
1 recipe quick pickled vegetables,,33
1 recipe roasted brussels sprouts,,33
1 recipe roasted filled mushrooms,,33
1 recipe shrimp scampi (optional),,33
1 recipe strawberry rhubarb crisp,,33
1 recipe tuscan grilled pork ribs,,33
1 tablespoon chopped fresh chives,,33
1 tablespoon dried oregano leaves,,33
"1 tablespoon kosher salt, divided",,33
1 tablespoon Thai black soy sauce,,33
1 tablespoon Worcestershire sauce,,33
1 teaspoon extra-virgin olive oil,,33
1 teaspoon freshly chopped ginger,,33
"1 tsp creme de violette, optional",,33
1 tsp. instant coffee or espresso,,33
"1 vanilla bean, split and scraped",,33
1.5 cups water or add as required,,33
1‚Äâ¬Ω cups chopped fresh spinach,,33
1/2 cup ( grams) dark brown sugar,,33
"1/2 cup brewed black tea, chilled",,33
"1/2 cup heavy cream, well chilled",,33
1/2 cup rosemary gin simple syrup,,33
1/2 oz cranberry juice (optional),,33
"1/2 oz lime juice, fresh squeezed",,33
1/2 oz mint-flavored simple syrup,,33
1/2 oz orange ginger simple syrup,,33
1/2 oz unsalted butter (optional),,33
"1/2 sprig fresh mint, leaves only",,33
"1/2 tbsp butter, room temperature",,33
1/2 teaspoon whole coriander seed,,33
1/3 cup ( grams) dark brown sugar,,33
"1/3 cup brewed black tea, chilled",,33
"1/3 cup heavy cream, well chilled",,33
1/3 cup rosemary gin simple syrup,,33
"1/3 oz lime juice, fresh squeezed",,33
1/3 oz mint-flavored simple syrup,,33
1/3 oz orange ginger simple syrup,,33
"1/3 sprig fresh mint, leaves only",,33
"1/3 tbsp butter, room temperature",,33
1/4 cup ( grams) dark brown sugar,,33
"1/4 cup brewed black tea, chilled",,33
1/4 cup chopped flat-leaf parsley,,33
"1/4 cup heavy cream, well chilled",,33
1/4 cup rosemary gin simple syrup,,33
1/4 dash fernet branca (optional),,33
"1/4 oz lime juice, fresh squeezed",,33
1/4 oz mint-flavored simple syrup,,33
1/4 oz orange ginger simple syrup,,33
1/4 pinch chile powder (optional),,33
"1/4 sprig fresh mint, leaves only",,33
"1/4 tbsp butter, room temperature",,33
1/8 cup ( grams) dark brown sugar,,33
"1/8 cup brewed black tea, chilled",,33
"1/8 cup heavy cream, well chilled",,33
1/8 cup rosemary gin simple syrup,,33
"1/8 oz lime juice, fresh squeezed",,33
1/8 oz mint-flavored simple syrup,,33
1/8 oz orange ginger simple syrup,,33
"1/8 sprig fresh mint, leaves only",,33
"1/8 tbsp butter, room temperature",,33
1/8 tsp sherry vinegar (optional),,33
100g freshly squeezed lemon juice,,33
1050 g mint-flavored simple syrup,,33
1050g chicory-infused rye whiskey,,33
"1150 ml cocchi americano, chilled",,33
1150g freshly squeezed lime juice,,33
"12 minneola orange, finely zested",,33
12 oz jalapeno tequila (optional),,33
"12 1/2 oz sparkling wine, chilled",,33
12 1/2 tsp kosher salt (optional),,33
"12 1/3 oz sparkling wine, chilled",,33
12 2/3 oz grapefruit simple syrup,,33
12 3/4 cup lemon juice (optional),,33
12 3/4 tsp kosher salt (optional),,33
1200ml mint-flavored simple syrup,,33
1300ml mint-flavored simple syrup,,33
1350 g orange ginger simple syrup,,33
1350 ml passionfruit simple syrup,,33
1400g freshly squeezed lime juice,,33
1450 g orange ginger simple syrup,,33
1500ml orange ginger simple syrup,,33
2 cup granulated sugar (optional),,33
2 oz freshly squeezed lemon juice,,33
2 oz sage simple syrup (optional),,33
2 oz yellow chartreuse (optional),,33
"2 1/2 oz champagne, approximately",,33
2 1/2 oz horseradish simple syrup,,33
"2 1/2 oz pomegranate juice, fresh",,33
2 1/3 oz horseradish simple syrup,,33
"2 1/4 cinnamon, grated (optional)",,33
"2 1/4 oz champagne, approximately",,33
2 1/8 pinch chipotle chile powder,,33
"2 2/3 oz pomegranate juice, fresh",,33
2 2/3 stalk lemongrass (optional),,33
"2 cloves garlic, minced or grated",,33
2 cup unsweetened cranberry juice,,33
2 cups kettle-cooked potato chips,,33
"2 large eggs, at room temperature",,33
"2 medium endive, leaves separated",,33
"2 oz orange juice, fresh squeezed",,33
2 tablespoons (30ml) tomato paste,,33
2 tablespoons apple cider vinegar,,33
2 tablespoons coconut milk powder,,33
2 tablespoons ginger-garlic paste,,33
"2 tablespoons peanut oil, divided",,33
2 whole dried chinese hot chilies,,33
2/3 cup ( grams) dark brown sugar,,33
"2/3 cup brewed black tea, chilled",,33
"2/3 cup heavy cream, well chilled",,33
2/3 cup rosemary gin simple syrup,,33
"2/3 oz lime juice, fresh squeezed",,33
2/3 oz mint-flavored simple syrup,,33
2/3 oz orange ginger simple syrup,,33
2/3 pinch chile powder (optional),,33
"2/3 sprig fresh mint, leaves only",,33
"2/3 sprig thyme, fresh (optional)",,33
2/3 tablespoons chives (optional),,33
"2/3 tbsp butter, room temperature",,33
200 ml mint-flavored simple syrup,,33
200g freshly squeezed lemon juice,,33
250 ml orange ginger simple syrup,,33
250ml chicory-infused rye whiskey,,33
"3 medium lemon, cut into "" wheels",,33
3 oz freshly squeezed lemon juice,,33
"3 oz lime juice, freshly squeezed",,33
"3 oz orange juice, fresh squeezed",,33
"3 1/3 maraschino cherry, optional",,33
3 1/3 oz sweetened condensed milk,,33
"3 1/4 maraschino cherry, optional",,33
3 1/4 oz sweetened condensed milk,,33
3 1/8 oz lillet blonde (optional),,33
3 oz freshly squeezed lemon juice,,33
"3 oz lime juice, freshly squeezed",,33
"3 oz pink grapefruit juice, fresh",,33
3 tablespoons apple cider vinegar,,33
3/4 cup ( grams) dark brown sugar,,33
"3/4 cup brewed black tea, chilled",,33
"3/4 cup ginger, grated (optional)",,33
"3/4 cup heavy cream, well chilled",,33
3/4 cup rosemary gin simple syrup,,33
3/4 oz creme de menthe (optional),,33
"3/4 oz lime juice, fresh squeezed",,33
3/4 oz mint-flavored simple syrup,,33
3/4 oz orange ginger simple syrup,,33
"3/4 sprig fresh mint, leaves only",,33
"3/4 tbsp butter, room temperature",,33
300g freshly squeezed lemon juice,,33
"4 oz lime juice, freshly squeezed",,33
4 oz pomegranate juice (optional),,33
4 to taste lemon juice (optional),,33
4 1/2 wedge grapefruit (optional),,33
4 1/8 pinch chipotle chile powder,,33
4 2/3 pinch chipotle chile powder,,33
4 3/4 tbsp extra virgin olive oil,,33
"4 oz pink grapefruit juice, fresh",,33
400g freshly squeezed lemon juice,,33
"400g lime juice, freshly squeezed",,33
450 g chicory-infused rye whiskey,,33
"6 medium lemon, cut into "" wheels",,33
6 oz freshly squeezed lemon juice,,33
"6 oz pink grapefruit juice, fresh",,33
6 1/3 oz cardamom-infused bourbon,,33
6 1/4 tablespoons unsalted butter,,33
"6 1/8 oz champagne, approximately",,33
6 1/8 tbsp whole black peppercorn,,33
6 2/3 tablespoons unsalted butter,,33
6 2/3 tbsp extra virgin olive oil,,33
6 3/4 tbsp extra virgin olive oil,,33
6 3/4 tbsp whole black peppercorn,,33
6 Tbsp. (100 g) sourdough starter,,33
600 g chicory-infused rye whiskey,,33
650 g chicory-infused rye whiskey,,33
650 g freshly squeezed lime juice,,33
650ml freshly squeezed lime juice,,33
750 g freshly squeezed lime juice,,33
750g freshly squeezed lemon juice,,33
750ml freshly squeezed lime juice,,33
8 ounces (1/2 pound) sliced bacon,,33
"950ml dry sparkling wine, chilled",,33
additional melted butter to serve,,33
"Fresh basil for garnish, optional",,33
"Lemon wedges, to serve (optional)",,33
"Optional: cup beef broth, chilled",,33
"Optional: tbsp white onion, diced",,33
"Optional: 1 1/2 sprig mint, fresh",,33
Optional: 1 dash green chartreuse,,33
Optional: 1 recipe tzatziki sauce,,33
Optional: 1‚Äâ¬Ω cups cooked rice,,33
Optional: 1/2 can grapefruit soda,,33
Optional: 1/2 tbsp orange curacao,,33
"Optional: 1/3 wedge lemon, juiced",,33
Optional: 1/4 tsp pimento bitters,,33
"Optional: 12 1/2 cinnamon, grated",,33
Optional: 12 2/3 tbsp whole clove,,33
Optional: 12 3/4 oz grand marnier,,33
Optional: 2 1/4 oz sweet vermouth,,33
"Optional: 2 cloves garlic, minced",,33
Optional: 2 cups granulated sugar,,33
Optional: 2/3 cup blanched almond,,33
Optional: 2/3 cup creme de cassis,,33
Optional: 2/3 oz montenegro amaro,,33
Optional: 3 1/3 oz creme de cacao,,33
Optional: 3 2/3 tsp cinchona bark,,33
Optional: 3/4 oz green chartreuse,,33
Optional: 4 1/4 oz apricot brandy,,33
Optional: 5 large egg yolks (75g),,33
Optional: 6 1/2 oz creme de cacao,,33
Optional: 6 1/3 oz ginger liqueur,,33
Optional: 6 1/8 dash simple syrup,,33
"oz orange juice, freshly squeezed",,33
Pinch freshly ground black pepper,,33
Pinch of cayenne or aleppo pepper,,33
Raspberry Jam or any jam you like,,33
Sumac and/or za‚Äôatar (optional),,33
"tsp lemon juice, freshly squeezed",,33
"1 cup lime juice, freshly squeezed",,34
1 oz freshly squeezed orange juice,,34
"1 oz ginger beer, room temperature",,34
"1 oz lemon juice, freshly squeezed",,34
1 tsp finely grated dark chocolate,,34
1 (12 ounce) package fusilli pasta,,34
1 1/2 cup unsweetened cocoa powder,,34
1 1/2 cups basmati or jasmine rice,,34
1 1/2 oz passionfruit simple syrup,,34
1 1/2 teaspoons white wine vinegar,,34
"1 1/2 tsp pomegranate seed, ground",,34
"1 1/3 medium cloves garlic, minced",,34
"1 1/3 oz blood orange juice, fresh",,34
1 1/4 cups finely chopped cilantro,,34
"1 1/8 medium cloves garlic, minced",,34
1 1/8 oz cherry heering (optional),,34
"1 2/3 tsp pomegranate seed, ground",,34
1 3/4 cup unsweetened cocoa powder,,34
"1 3/4 medium cloves garlic, minced",,34
"1 3/4 oz blood orange juice, fresh",,34
1 3/4 oz passionfruit simple syrup,,34
1 cup coarsely chopped fresh basil,,34
1 cup water (about 8 ounces; 225g),,34
"1 large yellow onion, finely diced",,34
"1 medium carrot, peeled and minced",,34
1 oz freshly squeezed orange juice,,34
"1 oz ginger beer, room temperature",,34
"1 oz lemon juice, freshly squeezed",,34
1 recipe ajitsuke tamago ramen egg,,34
1 recipe black bean and corn salad,,34
1 recipe cauliflower parmesan cake,,34
1 recipe chocolate crinkle cookies,,34
1 recipe creamy pea and mint salad,,34
1 recipe fresh pineapple ice cream,,34
1 recipe gluten free fried chicken,,34
1 recipe indian style basmati rice,,34
1 recipe light and fluffy pancakes,,34
1 recipe patatas bravas with aioli,,34
1 recipe quick pasta and chickpeas,,34
1 recipe red lentil and chard soup,,34
1 recipe southwestern quinoa salad,,34
1 recipe spicy chicken quesadillas,,34
1 recipe spicy peanut noodle salad,,34
1 recipe thick and fluffy pancakes,,34
1 recipe tortilla pizza (optional),,34
1 recipe zucchini corn quesadillas,,34
1 tablespoon chopped fresh oregano,,34
1 tablespoon chopped fresh parsley,,34
1 tablespoon dried Mexican oregano,,34
1 tablespoon freshly grated nutmeg,,34
1 teaspoon dried ground cumin seed,,34
1 teaspoon white distilled vinegar,,34
1/2 can grapefruit soda (optional),,34
1/2 cup ( grams) all-purpose flour,,34
1/2 cup ( grams) fresh cranberries,,34
"1/2 cup pineapple, cut into chunks",,34
"1/2 cup seedless watermelon, cubed",,34
"1/2 minneola orange, finely zested",,34
1/2 oz chicory-infused rye whiskey,,34
"1/2 oz dry sparkling wine, chilled",,34
1/2 oz freshly squeezed lime juice,,34
"1/2 oz lemon juice, fresh squeezed",,34
1/2 oz montenegro amaro (optional),,34
1/2 oz unsweetened cranberry juice,,34
1/2 teaspoon ground coriander seed,,34
1/2 tsp. crushed red pepper flakes,,34
1/3 cup ( grams) all-purpose flour,,34
1/3 cup ( grams) fresh cranberries,,34
1/3 cup chopped fresh basil leaves,,34
"1/3 cup pineapple, cut into chunks",,34
"1/3 cup seedless watermelon, cubed",,34
1/3 cup unsweetened coconut flakes,,34
"1/3 minneola orange, finely zested",,34
1/3 oz chicory-infused rye whiskey,,34
"1/3 oz dry sparkling wine, chilled",,34
1/3 oz freshly squeezed lime juice,,34
"1/3 oz lemon juice, fresh squeezed",,34
"1/3 oz pineapple, diced (optional)",,34
1/3 oz unsweetened cranberry juice,,34
1/4 cup ( grams) all-purpose flour,,34
1/4 cup ( grams) fresh cranberries,,34
"1/4 cup pineapple, cut into chunks",,34
"1/4 cup seedless watermelon, cubed",,34
"1/4 lb cucumber, peeled (optional)",,34
"1/4 minneola orange, finely zested",,34
1/4 oz chicory-infused rye whiskey,,34
"1/4 oz dry sparkling wine, chilled",,34
1/4 oz freshly squeezed lime juice,,34
"1/4 oz lemon juice, fresh squeezed",,34
1/4 oz montenegro amaro (optional),,34
1/4 oz unsweetened cranberry juice,,34
1/4 teaspoon freshly grated nutmeg,,34
1/8 cup ( grams) all-purpose flour,,34
1/8 cup ( grams) fresh cranberries,,34
"1/8 cup pineapple, cut into chunks",,34
"1/8 cup seedless watermelon, cubed",,34
"1/8 minneola orange, finely zested",,34
1/8 oz chicory-infused rye whiskey,,34
"1/8 oz dry sparkling wine, chilled",,34
1/8 oz freshly squeezed lime juice,,34
"1/8 oz lemon juice, fresh squeezed",,34
1/8 oz unsweetened cranberry juice,,34
"10 oz lime juice, freshly squeezed",,34
"1000 g dry sparkling wine, chilled",,34
1000g freshly squeezed lemon juice,,34
"1000g lime juice, freshly squeezed",,34
1000ml freshly squeezed lime juice,,34
100ml freshly squeezed lemon juice,,34
1050g freshly squeezed lemon juice,,34
1050ml chicory-infused rye whiskey,,34
1100 g freshly squeezed lime juice,,34
1100 ml orange ginger simple syrup,,34
1150 ml mint-flavored simple syrup,,34
1150 ml orange ginger simple syrup,,34
1150g freshly squeezed lemon juice,,34
"1150g orange juice, fresh squeezed",,34
12 oz freshly squeezed lemon juice,,34
"12 tsp creme de violette, optional",,34
12 1/2 oz cardamom-infused bourbon,,34
12 1/2 oz granny smith apple cider,,34
12 1/2 oz honey liqueur (optional),,34
12 1/2 tbsp extra virgin olive oil,,34
"12 1/3 egg white, fresh (optional)",,34
12 1/3 oz cardamom-infused bourbon,,34
12 1/3 oz semisweet chocolate chip,,34
12 1/3 oz sweetened condensed milk,,34
12 1/4 barspoon maraschino liqueur,,34
"12 1/4 oz pomegranate juice, fresh",,34
12 1/8 oz sweetened condensed milk,,34
12 1/8 tbsp whole black peppercorn,,34
12 2/3 barspoon maraschino liqueur,,34
"12 2/3 oz pomegranate juice, fresh",,34
12 2/3 tbsp whole black peppercorn,,34
12 3/4 tbsp extra virgin olive oil,,34
"12 ounces button mushrooms, halved",,34
1200 g chicory-infused rye whiskey,,34
"1200 g dry sparkling wine, chilled",,34
1200 g freshly squeezed lime juice,,34
"1200g pink grapefruit juice, fresh",,34
1250 ml orange ginger simple syrup,,34
1300 g freshly squeezed lime juice,,34
"1350g orange juice, fresh squeezed",,34
"1400g pink grapefruit juice, fresh",,34
1400g prepared spiced simple syrup,,34
1400ml freshly squeezed lime juice,,34
15-ounce can full fat coconut milk,,34
150 g freshly squeezed lemon juice,,34
150 ml freshly squeezed lime juice,,34
1500g freshly squeezed lemon juice,,34
1500g prepared spiced simple syrup,,34
1500ml chicory-infused rye whiskey,,34
1500ml freshly squeezed lime juice,,34
"150g ginger beer, room temperature",,34
"150g strawberry, sliced (optional)",,34
"150ml pink grapefruit juice, fresh",,34
2 oz freshly squeezed orange juice,,34
"2 oz lemon juice, freshly squeezed",,34
"2 1/2 oz blood orange juice, fresh",,34
"2 1/8 oz cocchi americano, chilled",,34
2 1/8 oz mango schnapps (optional),,34
2 2/3 dash mole bitters (optional),,34
2 2/3 oz passionfruit simple syrup,,34
2 3/4 oz dry white wine (optional),,34
2 3/4 oz passionfruit simple syrup,,34
"2 cloves garlic, pressed or minced",,34
2 oz freshly squeezed orange juice,,34
"2 oz sweet sparkling wine, chilled",,34
2 tablespoons (30ml) vegetable oil,,34
2 tablespoons (30ml) white vinegar,,34
2 tablespoons chopped fresh chives,,34
2 tablespoons fresh grated coconut,,34
2 tablespoons prepared horseradish,,34
2 tablespoons Thai red chile paste,,34
2 tablespoons Worcestershire sauce,,34
2 tablespoons yellow mustard seeds,,34
"2 tbsp dry sparkling wine, chilled",,34
"2 whole cloves, toasted and ground",,34
2/3 cup ( grams) all-purpose flour,,34
2/3 cup ( grams) fresh cranberries,,34
"2/3 cup pineapple, cut into chunks",,34
"2/3 cup seedless watermelon, cubed",,34
"2/3 minneola orange, finely zested",,34
2/3 oz chicory-infused rye whiskey,,34
"2/3 oz dry sparkling wine, chilled",,34
2/3 oz freshly squeezed lime juice,,34
"2/3 oz lemon juice, fresh squeezed",,34
2/3 oz unsweetened cranberry juice,,34
200 ml chicory-infused rye whiskey,,34
200 ml freshly squeezed lime juice,,34
200ml freshly squeezed lemon juice,,34
250 ml chicory-infused rye whiskey,,34
3 bottle dry white wine (optional),,34
"3 oz lemon juice, freshly squeezed",,34
3 oz unsweetened pomegranate juice,,34
3 1/2 cup unsweetened cocoa powder,,34
"3 1/3 medium cloves garlic, minced",,34
3 1/4 cup pumpkin puree (optional),,34
"3 1/8 orange, quartered (optional)",,34
3 1/8 oz creme de cacao (optional),,34
3 2/3 cup unsweetened cocoa powder,,34
"3 2/3 medium cloves garlic, minced",,34
3 oz freshly squeezed orange juice,,34
"3 oz lemon juice, freshly squeezed",,34
3 tablespoons toasted ground cumin,,34
3 tablespoons Worcestershire sauce,,34
"3 to 4 dried red chilies, optional",,34
3 to 4 medium -sized garlic cloves,,34
3/4 cup ( grams) all-purpose flour,,34
3/4 cup ( grams) fresh cranberries,,34
"3/4 cup cilantro, fresh (optional)",,34
"3/4 cup pineapple, cut into chunks",,34
"3/4 cup seedless watermelon, cubed",,34
"3/4 minneola orange, finely zested",,34
3/4 oz chicory-infused rye whiskey,,34
"3/4 oz dry sparkling wine, chilled",,34
3/4 oz freshly squeezed lime juice,,34
"3/4 oz lemon juice, fresh squeezed",,34
3/4 oz unsweetened cranberry juice,,34
300g freshly squeezed orange juice,,34
300g single-malt scotch (optional),,34
300ml freshly squeezed lemon juice,,34
350 ml freshly squeezed lime juice,,34
4 oz freshly squeezed orange juice,,34
"4 oz lemon juice, freshly squeezed",,34
4 1/2 oz passionfruit simple syrup,,34
4 1/2 oz sweet vermouth (optional),,34
4 1/3 oz passionfruit simple syrup,,34
"4 1/8 medium cloves garlic, minced",,34
4 1/8 slice apple juice (optional),,34
"4 3/4 medium cloves garlic, minced",,34
"4 cloves garlic, pressed or minced",,34
4 cups (32 ounces) vegetable broth,,34
4 cups sifted confectioners' sugar,,34
"4 ounces prosciutto, thinly sliced",,34
4 oz freshly squeezed orange juice,,34
4 oz unsweetened pomegranate juice,,34
"400 ml dry sparkling wine, chilled",,34
400g freshly squeezed orange juice,,34
"450g lemon juice, freshly squeezed",,34
"450g sweet sparkling wine, chilled",,34
50 g freshly squeezed orange juice,,34
"50 g lemon juice, freshly squeezed",,34
50 ml freshly squeezed lemon juice,,34
500g freshly squeezed orange juice,,34
"500g lemon juice, freshly squeezed",,34
500ml freshly squeezed lemon juice,,34
"500ml lime juice, freshly squeezed",,34
"50ml sweet sparkling wine, chilled",,34
"550 g lime juice, freshly squeezed",,34
550 ml freshly squeezed lime juice,,34
550g freshly squeezed orange juice,,34
"6 oz sweet sparkling wine, chilled",,34
6 1/2 oz passionfruit simple syrup,,34
"6 1/4 cup fresh strawberry, sliced",,34
"6 1/8 oz blood orange juice, fresh",,34
"6 3/4 cup fresh strawberry, sliced",,34
"6 3/4 oz blood orange juice, fresh",,34
6 oz freshly squeezed orange juice,,34
"600 g pink grapefruit juice, fresh",,34
"600g lemon juice, fresh (optional)",,34
"650g lemon juice, freshly squeezed",,34
650g unsweetened pomegranate juice,,34
650ml freshly squeezed lemon juice,,34
700g maraschino liqueur (optional),,34
700ml freshly squeezed lemon juice,,34
"750 g orange juice, fresh squeezed",,34
"750g strawberry, sliced (optional)",,34
"750ml orange juice, fresh squeezed",,34
8 ounces shirataki or udon noodles,,34
800 g freshly squeezed lemon juice,,34
"800ml pink grapefruit juice, fresh",,34
850 ml chicory-infused rye whiskey,,34
850g freshly squeezed orange juice,,34
"850g ginger beer, room temperature",,34
"850g sweet sparkling wine, chilled",,34
900 g freshly squeezed lemon juice,,34
Cilantro for garnishing (optional),,34
Fee Brothers Old Fashioned Bitters,,34
Four Roses Yellow Label (optional),,34
"Kosher salt, freshly ground pepper",,34
"Optional: bottle prosecco, chilled",,34
"Optional: cup kosher salt, divided",,34
Optional: oz rosemary simple syrup,,34
"Optional: tbsp horseradish, grated",,34
Optional: 1 2/3 slice orange juice,,34
"Optional: 1 pinch cardamom, ground",,34
Optional: 1 recipe fresh egg pasta,,34
Optional: 1 teaspoon sweet paprika,,34
"Optional: 1/2 cup seltzer, chilled",,34
"Optional: 1/2 lemon, thinly sliced",,34
"Optional: 1/3 tbsp jalapeno, diced",,34
Optional: 1/4 tsp granulated sugar,,34
Optional: 1/8 oz bornholmer bitter,,34
Optional: 1/8 oz chilled champagne,,34
Optional: 1/8 oz pomegranate juice,,34
"Optional: 1/8 oz prosecco, chilled",,34
Optional: 12 1/3 oz creme de cacao,,34
Optional: 2 ounces grated Parmesan,,34
Optional: 2/3 cup crushed ice cube,,34
Optional: 2/3 oz mint simple syrup,,34
Optional: 2/3 piece candied ginger,,34
"Optional: 2/3 pt strawberry, diced",,34
"Optional: 3 1/8 club soda, chilled",,34
Optional: 3 1/8 slice orange juice,,34
Optional: 3 2/3 cup ( grams) water,,34
Optional: 3/4 clove cinnamon stick,,34
Optional: 3/4 oz grapefruit radler,,34
"Optional: 3/4 oz kale juice, fresh",,34
"Optional: 6 1/3 sprig thyme, fresh",,34
"Optional: 6 1/8 cup water, boiling",,34
Optional: 6 1/8 oz evaporated milk,,34
Optional: 6 1/8 tsp sherry vinegar,,34
"Optional: fresh basil, for serving",,34
Peanut or vegetable oil for frying,,34
pumpkin pie for garnish (optional),,34
Suggested garnish: cilantro leaves,,34
Tomato-cucumber ‚Äúrelish‚Äù salad,,34
1 1/2 cups packed light brown sugar,,35
"1 1/4 sprig fresh mint, leaves only",,35
"1 3/4 sprig fresh mint, leaves only",,35
"1 3/4 tbsp butter, room temperature",,35
1 can (15 ounces) crushed tomatoes*,,35
1 cup (100 grams) fresh cranberries,,35
1 cup crumbled queso fresco or feta,,35
"1 cup lemon juice, freshly squeezed",,35
"1 large yellow onion, thinly sliced",,35
"1 oz orange juice, freshly squeezed",,35
"1 pinch cardamom, ground (optional)",,35
1 recipe 2 minute hollandaise sauce,,35
1 recipe asparagus tarragon veloute,,35
1 recipe buttermilk vanilla waffles,,35
1 recipe glazed carrots with relish,,35
1 recipe grilled chicken panzanella,,35
1 recipe marinated artichoke hearts,,35
1 recipe roasted salmon with butter,,35
1 recipe serious eats channa masala,,35
1 recipe simple sauteed green beans,,35
1 recipe spinach blood orange salad,,35
1 recipe sunchoke gratin (optional),,35
1 recipe warm farro salad with feta,,35
1 tablespoon extra virgin olive oil,,35
1 tablespoon extra-virgin olive oil,,35
1 tablespoon finely grated Parmesan,,35
1 tablespoon minced jalapeno pepper,,35
"1 tbsp lime juice, freshly squeezed",,35
"1 teaspoon salt, plus more to taste",,35
"1 tsp cardamom pod, lightly crushed",,35
"1 tsp lemon juice, freshly squeezed",,35
1/2 cup freshly squeezed lime juice,,35
1/2 cup unsweetened cranberry juice,,35
"1/2 medium lemon, cut into "" wheels",,35
1/2 oz chilled champagne (optional),,35
1/2 oz freshly squeezed lemon juice,,35
"1/2 oz lime juice, freshly squeezed",,35
"1/2 oz orange juice, fresh squeezed",,35
"1/2 oz pink grapefruit juice, fresh",,35
1/2 oz prepared spiced simple syrup,,35
1/2 pound Chinese ham or slab bacon,,35
1/2 tablespoons (g) unsalted butter,,35
1/2 tsp black peppercorn (optional),,35
"1/2 tsp creme de violette, optional",,35
1/3 cup finely chopped yellow onion,,35
"1/3 cup ripe, chopped seeded tomato",,35
1/3 cup unsweetened cranberry juice,,35
"1/3 medium lemon, cut into "" wheels",,35
"1/3 medium lemon, juiced (optional)",,35
1/3 oz freshly squeezed lemon juice,,35
"1/3 oz lime juice, freshly squeezed",,35
"1/3 oz orange juice, fresh squeezed",,35
"1/3 oz pink grapefruit juice, fresh",,35
1/3 oz prepared spiced simple syrup,,35
1/3 tablespoons (g) unsalted butter,,35
1/3 tsp black peppercorn (optional),,35
"1/3 tsp creme de violette, optional",,35
1/4 cup shaoxing wine or dry sherry,,35
1/4 cup unsweetened cranberry juice,,35
"1/4 medium lemon, cut into "" wheels",,35
"1/4 medium red onion, chopped small",,35
1/4 oz freshly squeezed lemon juice,,35
"1/4 oz lime juice, freshly squeezed",,35
"1/4 oz orange juice, fresh squeezed",,35
"1/4 oz pink grapefruit juice, fresh",,35
1/4 oz prepared spiced simple syrup,,35
1/4 tablespoons (g) unsalted butter,,35
1/4 teaspoon kosher salt (optional),,35
"1/4 tsp creme de violette, optional",,35
1/8 cup unsweetened cranberry juice,,35
"1/8 medium lemon, cut into "" wheels",,35
1/8 oz freshly squeezed lemon juice,,35
"1/8 oz lime juice, freshly squeezed",,35
"1/8 oz orange juice, fresh squeezed",,35
"1/8 oz pink grapefruit juice, fresh",,35
1/8 oz prepared spiced simple syrup,,35
1/8 tablespoons (g) unsalted butter,,35
"1/8 tsp creme de violette, optional",,35
"10 oz lemon juice, freshly squeezed",,35
"100 g sweet sparkling wine, chilled",,35
100 ml freshly squeezed lemon juice,,35
"100 ml orange juice, fresh squeezed",,35
"100 ml pink grapefruit juice, fresh",,35
1000 g freshly squeezed lemon juice,,35
"1000 g pink grapefruit juice, fresh",,35
1000g single-malt scotch (optional),,35
"100ml lemon juice, freshly squeezed",,35
100ml maraschino liqueur (optional),,35
"100ml sweet sparkling wine, chilled",,35
1050 g freshly squeezed lemon juice,,35
1050ml freshly squeezed lemon juice,,35
1100 g freshly squeezed lemon juice,,35
"1100 g lime juice, freshly squeezed",,35
1100 g prepared spiced simple syrup,,35
"1100g lemon juice, fresh (optional)",,35
"1100g lemon juice, freshly squeezed",,35
1150 g freshly squeezed lemon juice,,35
"1150 g orange juice, fresh squeezed",,35
"1150g lemon juice, freshly squeezed",,35
1150ml prepared spiced simple syrup,,35
12 bottle cheap red wine (optional),,35
"12 oz sweet sparkling wine, chilled",,35
12 1/2 oz passionfruit simple syrup,,35
12 1/3 bottle duvel beer (optional),,35
"12 1/3 oz blood orange juice, fresh",,35
"12 1/4 oz blood orange juice, fresh",,35
12 1/8 oz passionfruit simple syrup,,35
"12 2/3 bottle cognac, ml (optional)",,35
1200 g freshly squeezed lemon juice,,35
1200g unsweetened pomegranate juice,,35
1200ml freshly squeezed lemon juice,,35
1250 g freshly squeezed lemon juice,,35
1250ml freshly squeezed lemon juice,,35
1300 g freshly squeezed lemon juice,,35
"1300g lemon juice, freshly squeezed",,35
1300ml freshly squeezed lemon juice,,35
"1300ml lime juice, freshly squeezed",,35
1350 g prepared spiced simple syrup,,35
1350 ml chicory-infused rye whiskey,,35
"1350g lemon juice, freshly squeezed",,35
1350ml prepared spiced simple syrup,,35
"1400 ml dry sparkling wine, chilled",,35
1450g freshly squeezed orange juice,,35
1500 ml freshly squeezed lime juice,,35
1500g maraschino liqueur (optional),,35
"1500ml orange juice, fresh squeezed",,35
"150g orange juice, freshly squeezed",,35
"150ml lemon juice, freshly squeezed",,35
"2 large yellow onion, thinly sliced",,35
2 (14.5 ounce) cans vegetable broth,,35
2 1/8 oz unsalted butter (optional),,35
2 3/4 oz mint-flavored simple syrup,,35
2 cups cooked long-grain white rice,,35
"2 medium potatoes, peeled and diced",,35
"2 small jalape√±os, seeded, chopped",,35
2 tablespoons (28g) unsalted butter,,35
2 tablespoons (30g) unsalted butter,,35
2 tablespoons whole coriander seeds,,35
"2 teaspoons capers, roughly chopped",,35
2 teaspoons minced thyme (optional),,35
2/3 cup unsweetened cranberry juice,,35
"2/3 medium lemon, cut into "" wheels",,35
2/3 oz chilled champagne (optional),,35
2/3 oz freshly squeezed lemon juice,,35
"2/3 oz lime juice, freshly squeezed",,35
"2/3 oz orange juice, fresh squeezed",,35
"2/3 oz pink grapefruit juice, fresh",,35
2/3 oz prepared spiced simple syrup,,35
2/3 tablespoons (g) unsalted butter,,35
"2/3 tsp creme de violette, optional",,35
"20 oz lemon juice, freshly squeezed",,35
200 g freshly squeezed orange juice,,35
"200 g lemon juice, fresh (optional)",,35
"200 g strawberry, sliced (optional)",,35
"200 ml lime juice, freshly squeezed",,35
200 ml prepared spiced simple syrup,,35
"200g orange juice, fresh (optional)",,35
250 ml freshly squeezed lemon juice,,35
250ml freshly squeezed orange juice,,35
"3 large yellow onion, thinly sliced",,35
3 oz ginger simple syrup (optional),,35
3 smoked ham hock (about pounds; g),,35
3 1/2 cup ( grams) dark brown sugar,,35
3 1/2 cup rosemary gin simple syrup,,35
3 1/3 oz orange ginger simple syrup,,35
"3 1/8 strawberry, halved (optional)",,35
3 2/3 cup ( grams) dark brown sugar,,35
3 2/3 cup ( grams) water (optional),,35
3 2/3 oz orange ginger simple syrup,,35
3 3/4 cup rosemary gin simple syrup,,35
3/4 cup unsweetened cranberry juice,,35
"3/4 medium lemon, cut into "" wheels",,35
"3/4 medium lemon, juiced (optional)",,35
3/4 oz chocolate liqueur (optional),,35
3/4 oz freshly squeezed lemon juice,,35
"3/4 oz lime juice, freshly squeezed",,35
"3/4 oz orange juice, fresh squeezed",,35
"3/4 oz pink grapefruit juice, fresh",,35
3/4 oz prepared spiced simple syrup,,35
"3/4 oz prosecco, chilled (optional)",,35
3/4 tablespoons (g) unsalted butter,,35
"3/4 tsp creme de violette, optional",,35
300 g freshly squeezed orange juice,,35
300 g single-malt scotch (optional),,35
"300g orange juice, freshly squeezed",,35
"300ml lemon juice, freshly squeezed",,35
300ml maraschino liqueur (optional),,35
300ml unsweetened pomegranate juice,,35
"350 g lemon juice, freshly squeezed",,35
"350 g sweet sparkling wine, chilled",,35
"4 tsp cardamom pod, lightly crushed",,35
4 1/2 cup ( grams) dark brown sugar,,35
"4 1/3 oz lime juice, fresh squeezed",,35
"4 1/3 sprig fresh mint, leaves only",,35
"4 1/4 oz lime juice, fresh squeezed",,35
4 1/8 oz mint-flavored simple syrup,,35
4 1/8 oz orange ginger simple syrup,,35
"4 1/8 sprig fresh mint, leaves only",,35
"4 2/3 oz lime juice, fresh squeezed",,35
4 2/3 oz orange ginger simple syrup,,35
4 3/4 cup ( grams) dark brown sugar,,35
"4 oz hard cider, chilled (optional)",,35
"400 g lemon juice, freshly squeezed",,35
"400ml lemon juice, freshly squeezed",,35
"400ml strawberry, sliced (optional)",,35
450ml freshly squeezed orange juice,,35
"50 g orange juice, fresh (optional)",,35
"50 g orange juice, freshly squeezed",,35
500 g freshly squeezed orange juice,,35
500ml freshly squeezed orange juice,,35
"500ml lemon juice, freshly squeezed",,35
500ml single-malt scotch (optional),,35
550 ml freshly squeezed lemon juice,,35
"6 oz orange juice, freshly squeezed",,35
"6 1/2 cup heavy cream, well chilled",,35
"6 1/4 cup heavy cream, well chilled",,35
6 2/3 cup rosemary gin simple syrup,,35
"6 cloves garlic, peeled and chopped",,35
6 to 8 portions fresh ramen noodles,,35
600 ml freshly squeezed lemon juice,,35
"650 g lemon juice, fresh (optional)",,35
700 g freshly squeezed orange juice,,35
700 g unsweetened pomegranate juice,,35
700 ml freshly squeezed lemon juice,,35
"700 ml pink grapefruit juice, fresh",,35
"750 g ginger beer, room temperature",,35
"750 g lemon juice, freshly squeezed",,35
"750g orange juice, fresh (optional)",,35
"750ml ginger beer, room temperature",,35
"750ml lemon juice, freshly squeezed",,35
"8 medium cloves garlic, sliced thin",,35
"8 scallions, cut into 2 inch pieces",,35
800 g maraschino liqueur (optional),,35
"800g orange juice, freshly squeezed",,35
"850 ml orange juice, fresh squeezed",,35
900 ml freshly squeezed lemon juice,,35
"900g orange juice, freshly squeezed",,35
900ml freshly squeezed orange juice,,35
900ml unsweetened pomegranate juice,,35
950 ml freshly squeezed lemon juice,,35
950ml single-malt scotch (optional),,35
"Finely chopped cilantro, to garnish",,35
Jam or preserves (I used raspberry),,35
"Jasmine rice, for serving, optional",,35
Lemon-tahini yogurt or plain yogurt,,35
Optional: 1 1/8 oz reposado tequila,,35
Optional: 1 3/4 oz allspice bitters,,35
Optional: 1 recipe easy lentil soup,,35
Optional: 1 recipe mustard coleslaw,,35
Optional: 1/2 floz chilled prosecco,,35
Optional: 1/2 oz dry sparkling wine,,35
Optional: 1/3 oz grapefruit seltzer,,35
"Optional: 1/4 oz champagne, chilled",,35
"Optional: 1/4 tbsp butter, softened",,35
Optional: 1/8 floz chilled prosecco,,35
Optional: 1/8 teaspoon onion powder,,35
Optional: 12 1/3 tsp whole allspice,,35
Optional: 12 2/3 tsp whole allspice,,35
Optional: 2 slice green bell pepper,,35
Optional: 2/3 can maraschino cherry,,35
"Optional: 3 1/4 medium beet, grated",,35
Optional: 3/4 oz grapefruit liqueur,,35
Optional: 3/4 oz honey simple syrup,,35
Optional: 4 1/2 cup creme de cassis,,35
"Optional: 4 1/4 lb cucumber, peeled",,35
Optional: 6 1/2 oz green chartreuse,,35
Optional: 6 1/2 tsp ground cinnamon,,35
Optional: 6 2/3 cup turbinado sugar,,35
"Optional: 6 3/4 cup cilantro, fresh",,35
Optional: 6 3/4 tbsp pumpkin butter,,35
Optional: drop orange blossom water,,35
salt and pepper to taste (optional),,35
1 (12 ounce) package extra-firm tofu,,36
1 1/2 oz freshly squeezed lime juice,,36
"1 1/2 oz lemon juice, fresh squeezed",,36
1 1/3 dash orange bitters (optional),,36
1 1/3 oz freshly squeezed lime juice,,36
"1 1/3 oz lemon juice, fresh squeezed",,36
1 1/4 oz freshly squeezed lime juice,,36
"1 1/4 oz lemon juice, fresh squeezed",,36
1 1/8 oz freshly squeezed lime juice,,36
"1 1/8 oz seltzer, chilled (optional)",,36
1 3/4 oz freshly squeezed lime juice,,36
1 batch ginger-cardamom simple syrup,,36
"1 bottle dry sparkling wine, chilled",,36
"1 large yellow onion, finely chopped",,36
"1 medium white onion, finely chopped",,36
1 recipe chocolate scones (optional),,36
1 recipe mediterranean chopped salad,,36
1 recipe mexican chocolate ice cream,,36
1 recipe red wine braised short ribs,,36
1 recipe sausage and grits casserole,,36
1 recipe shepherd%27s pie (optional),,36
"1 slice dried pear, fresh (optional)",,36
1 tablespoon achiote powder or paste,,36
1 tablespoon chili powder (see note),,36
1 tablespoon vegetable or canola oil,,36
"1 tbsp lemon juice, freshly squeezed",,36
1 teaspoon Chinese five spice powder,,36
1 teaspoon whole black mustard seeds,,36
1 to 2 teaspoons butter ‚Äì optional,,36
1/2 cup (g) water or milk (see note),,36
1/2 cup chopped fresh parsley leaves,,36
1/2 cup freshly squeezed lemon juice,,36
"1/2 cup lime juice, freshly squeezed",,36
1/2 cup mirin (about 4 ounces; 115g),,36
1/2 cup roasted chili oil (see note),,36
1/2 floz chilled prosecco (optional),,36
1/2 oz dry sparkling wine (optional),,36
1/2 oz freshly squeezed orange juice,,36
"1/2 oz ginger beer, room temperature",,36
"1/2 oz lemon juice, freshly squeezed",,36
"1/2 oz sweet sparkling wine, chilled",,36
1/2 oz unsweetened pomegranate juice,,36
1/2 tablespoons chopped fresh chives,,36
"1/2 tbsp dry sparkling wine, chilled",,36
1/2 teaspoon onion powder (optional),,36
1/2 tsp finely grated dark chocolate,,36
1/3 cup (g) water or milk (see note),,36
1/3 cup freshly squeezed lemon juice,,36
"1/3 cup lime juice, freshly squeezed",,36
1/3 floz chilled prosecco (optional),,36
1/3 oz freshly squeezed orange juice,,36
"1/3 oz ginger beer, room temperature",,36
1/3 oz high-proof bourbon (optional),,36
"1/3 oz lemon juice, freshly squeezed",,36
"1/3 oz sweet sparkling wine, chilled",,36
1/3 oz unsweetened pomegranate juice,,36
"1/3 sprig rosemary, fresh (optional)",,36
1/3 tablespoons chopped fresh chives,,36
"1/3 tbsp dry sparkling wine, chilled",,36
1/3 tsp finely grated dark chocolate,,36
1/4 bottle dry white wine (optional),,36
1/4 cup (g) water or milk (see note),,36
1/4 cup chopped fresh parsley leaves,,36
1/4 cup freshly squeezed lemon juice,,36
"1/4 cup lime juice, freshly squeezed",,36
1/4 cup liquid from can of chickpeas,,36
1/4 cup roasted chili oil (see note),,36
1/4 oz freshly squeezed orange juice,,36
"1/4 oz ginger beer, room temperature",,36
"1/4 oz lemon juice, freshly squeezed",,36
1/4 oz maraschino liqueur (optional),,36
"1/4 oz strawberry, sliced (optional)",,36
"1/4 oz sweet sparkling wine, chilled",,36
1/4 oz unsweetened pomegranate juice,,36
1/4 sparkling apple cider (optional),,36
1/4 tablespoons chopped fresh chives,,36
"1/4 tbsp dry sparkling wine, chilled",,36
1/4 tsp creme de violette (optional),,36
1/4 tsp finely grated dark chocolate,,36
1/8 cup (g) water or milk (see note),,36
1/8 cup freshly squeezed lemon juice,,36
"1/8 cup lime juice, freshly squeezed",,36
1/8 oz freshly squeezed orange juice,,36
"1/8 oz ginger beer, room temperature",,36
"1/8 oz lemon juice, freshly squeezed",,36
1/8 oz single-malt scotch (optional),,36
"1/8 oz sweet sparkling wine, chilled",,36
1/8 oz unsweetened pomegranate juice,,36
1/8 tablespoons chopped fresh chives,,36
"1/8 tbsp dry sparkling wine, chilled",,36
1/8 tsp finely grated dark chocolate,,36
"10 oz orange juice, freshly squeezed",,36
100 ml freshly squeezed orange juice,,36
"100 ml lemon juice, freshly squeezed",,36
1000 ml freshly squeezed lemon juice,,36
"1000 ml lime juice, freshly squeezed",,36
1000 ml prepared spiced simple syrup,,36
"1050 g lemon juice, freshly squeezed",,36
"1050g orange juice, freshly squeezed",,36
11 dash angostura bitters (optional),,36
"1100ml lemon juice, freshly squeezed",,36
"1150 g ginger beer, room temperature",,36
"1150 g strawberry, sliced (optional)",,36
1150ml freshly squeezed orange juice,,36
"1150ml ginger beer, room temperature",,36
"12 oz orange juice, freshly squeezed",,36
12 smoked ham hock (about pounds; g),,36
"12 1/2 cup heavy cream, well chilled",,36
"12 1/2 oz lime juice, fresh squeezed",,36
12 1/2 tsp dried lavender (optional),,36
"12 1/8 oz lime juice, fresh squeezed",,36
"12 2/3 cup brewed black tea, chilled",,36
"12 2/3 cup heavy cream, well chilled",,36
"12 3/4 cup brewed black tea, chilled",,36
"12 3/4 oz lime juice, fresh squeezed",,36
12 oz citrus simple syrup (optional),,36
"1200 g lemon juice, freshly squeezed",,36
"1200ml lemon juice, fresh (optional)",,36
"1200ml strawberry, sliced (optional)",,36
"1300 g lemon juice, freshly squeezed",,36
1300 g single-malt scotch (optional),,36
"1300ml lemon juice, fresh (optional)",,36
"1350 g lemon juice, freshly squeezed",,36
1350ml freshly squeezed orange juice,,36
"1350ml lemon juice, freshly squeezed",,36
1400 g freshly squeezed orange juice,,36
1450 g unsweetened pomegranate juice,,36
1450 ml freshly squeezed lemon juice,,36
1500 g freshly squeezed orange juice,,36
1500 g maraschino liqueur (optional),,36
"1500g orange juice, freshly squeezed",,36
"2 clove medium garlic, thinly sliced",,36
2 1/2 cup ( grams) all-purpose flour,,36
"2 1/2 cup seedless watermelon, cubed",,36
2 1/2 oz unsweetened cranberry juice,,36
2 1/3 oz freshly squeezed lime juice,,36
2 1/4 cup ( grams) all-purpose flour,,36
"2 1/4 cup seedless watermelon, cubed",,36
2 1/4 oz freshly squeezed lime juice,,36
2 1/4 oz unsweetened cranberry juice,,36
2 2/3 oz freshly squeezed lime juice,,36
2 3/4 cup ( grams) fresh cranberries,,36
2 3/4 tsp superfine sugar (optional),,36
2 cups (10 ounces) all-purpose flour,,36
2 cups thinly sliced scallion greens,,36
2 dash grapefruit bitters (optional),,36
"2 large Anaheim chile peppers, diced",,36
"2 medium (10g) garlic cloves, minced",,36
"2 medium lemon, cut into 1/8"" wheels",,36
"2 medium tomatoes, cored and chopped",,36
"2 small garlic cloves, finely grated",,36
2 tablespoons extra virgin olive oil,,36
2 tablespoons extra-virgin olive oil,,36
2 tablespoons kosher salt (optional),,36
"2 tbsp lemon juice, freshly squeezed",,36
"2 teaspoons unsalted butter, divided",,36
2/3 cup (g) water or milk (see note),,36
2/3 cup chopped pineapple (optional),,36
2/3 cup freshly squeezed lemon juice,,36
"2/3 cup lime juice, freshly squeezed",,36
2/3 oz freshly squeezed orange juice,,36
"2/3 oz ginger beer, room temperature",,36
"2/3 oz lemon juice, freshly squeezed",,36
"2/3 oz strawberry, sliced (optional)",,36
"2/3 oz sweet sparkling wine, chilled",,36
2/3 oz unsweetened pomegranate juice,,36
2/3 tablespoons chopped fresh chives,,36
"2/3 tbsp dry sparkling wine, chilled",,36
2/3 tsp finely grated dark chocolate,,36
22 ounces (about 4 cups) bread flour,,36
"250 ml lemon juice, freshly squeezed",,36
"250ml orange juice, freshly squeezed",,36
"3 1/4 cup pineapple, cut into chunks",,36
"3 1/8 oz dry sparkling wine, chilled",,36
3 2/3 oz drinking vinegar (optional),,36
"3 2/3 oz dry sparkling wine, chilled",,36
3 2/3 oz unsweetened cranberry juice,,36
3 3/4 oz freshly squeezed lime juice,,36
3 tablespoons extra-virgin olive oil,,36
3 tablespoons Thai red curry paste**,,36
3/4 can maraschino cherry (optional),,36
3/4 cup (145 grams) dark brown sugar,,36
3/4 cup (g) water or milk (see note),,36
3/4 cup freshly squeezed lemon juice,,36
"3/4 cup lime juice, freshly squeezed",,36
3/4 oz apple simple syrup (optional),,36
3/4 oz freshly squeezed orange juice,,36
"3/4 oz ginger beer, room temperature",,36
"3/4 oz lemon juice, freshly squeezed",,36
"3/4 oz sweet sparkling wine, chilled",,36
3/4 oz unsweetened pomegranate juice,,36
3/4 tablespoons chopped fresh chives,,36
"3/4 tbsp dry sparkling wine, chilled",,36
3/4 tsp finely grated dark chocolate,,36
30 dash angostura bitters (optional),,36
350 ml freshly squeezed orange juice,,36
"350 ml strawberry, sliced (optional)",,36
4 1/2 oz chicory-infused rye whiskey,,36
4 1/3 cup ( grams) fresh cranberries,,36
4 1/3 tbsp acid phosphate (optional),,36
4 1/8 oz chicory-infused rye whiskey,,36
4 2/3 brut sparkling wine (optional),,36
4 2/3 oz freshly squeezed lime juice,,36
4 3/4 cup ( grams) fresh cranberries,,36
4 3/4 oz freshly squeezed lime juice,,36
"4 3/4 oz lemon juice, fresh squeezed",,36
"4 clove medium garlic, thinly sliced",,36
"4 salmon fillets, about 1 1/2 pounds",,36
"400 ml lemon juice, freshly squeezed",,36
"450 g orange juice, fresh (optional)",,36
450 ml freshly squeezed orange juice,,36
"500 g orange juice, freshly squeezed",,36
"500ml orange juice, freshly squeezed",,36
"550 ml sweet sparkling wine, chilled",,36
6 batch ginger-cardamom simple syrup,,36
6 1/2 oz chicory-infused rye whiskey,,36
"6 1/4 minneola orange, finely zested",,36
6 1/4 oz unsweetened cranberry juice,,36
"6 1/8 cup pineapple, cut into chunks",,36
"6 1/8 minneola orange, finely zested",,36
6 1/8 oz freshly squeezed lime juice,,36
6 2/3 dash orange bitters (optional),,36
6 2/3 oz chicory-infused rye whiskey,,36
"6 3/4 cup pineapple, cut into chunks",,36
6 3/4 oz freshly squeezed lime juice,,36
"6 oz dried apricots, roughly chopped",,36
"650 g orange juice, freshly squeezed",,36
"750 g orange juice, freshly squeezed",,36
750 ml freshly squeezed orange juice,,36
8 ounces fresh Chinese wheat noodles,,36
"8 ounces rigatoni, ziti or spaghetti",,36
"8 tablespoons unsalted butter, cubed",,36
"800 ml lemon juice, fresh (optional)",,36
800 ml unsweetened pomegranate juice,,36
"800ml orange juice, freshly squeezed",,36
"850 ml lemon juice, fresh (optional)",,36
"850 ml lemon juice, freshly squeezed",,36
"850 ml strawberry, sliced (optional)",,36
"950 ml lemon juice, freshly squeezed",,36
Grapeseed or vegetable oil (for pan),,36
"Harissa-style hot sauce, for serving",,36
Kosher salt and cracked black pepper,,36
Optional: 1 recipe watermelon sorbet,,36
Optional: 1/3 dash chocolate bitters,,36
Optional: 1/3 tbsp edible gold flake,,36
Optional: 1/4 cups ( ml) heavy cream,,36
Optional: 1/8 oz brut sparkling wine,,36
Optional: 1/8 oz citrus simple syrup,,36
Optional: 1/8 tsp maraschino liqueur,,36
"Optional: 12 1/2 bottle coffee, cold",,36
Optional: 2 1/2 teaspoon baking soda,,36
Optional: 2 1/3 teaspoon kosher salt,,36
"Optional: 2 2/3 leaf tarragon, fresh",,36
Optional: 2 2/3 tsp balsamic vinegar,,36
Optional: 2/3 cups ( ml) heavy cream,,36
Optional: 2/3 dash peychauds bitters,,36
Optional: 2/3 oz citrus simple syrup,,36
Optional: 2/3 tbsp cane simple syrup,,36
Optional: 3 1/8 oz pistachio liqueur,,36
Optional: 4 1/8 oz chilled champagne,,36
Optional: 5 1/2 oz chilled champagne,,36
"Optional: 6 1/3 oz lime juice, fresh",,36
"Optional: 6 1/4 oz lime juice, fresh",,36
Optional: 6 1/4 oz rich simple syrup,,36
Pinch of cayenne pepper (optional!*),,36
salt and fresh black pepper to taste,,36
Salt and freshly ground black pepper,,36
1 (13.5 ounce) can light coconut milk,,37
1 ¬Ω cups unsalted butter (12 ounces),,37
"1 1/2 cup seltzer, chilled (optional)",,37
1 1/2 cups (packed) light brown sugar,,37
1 1/2 cups long-grain or Basmati rice,,37
1 1/2 oz freshly squeezed lemon juice,,37
"1 1/2 oz lime juice, freshly squeezed",,37
1 1/2 oz prepared spiced simple syrup,,37
"1 1/3 oz lime juice, freshly squeezed",,37
"1 1/3 oz orange juice, fresh squeezed",,37
"1 1/3 oz pink grapefruit juice, fresh",,37
1 1/4 barspoon brown sugar (optional),,37
1 1/4 oz freshly squeezed lemon juice,,37
"1 1/4 oz lime juice, freshly squeezed",,37
"1 1/4 oz pink grapefruit juice, fresh",,37
"1 1/4 tsp creme de violette, optional",,37
1 1/8 oz freshly squeezed lemon juice,,37
1 1/8 tablespoons (g) unsalted butter,,37
1 2/3 oz freshly squeezed lemon juice,,37
"1 2/3 oz lime juice, fresh (optional)",,37
"1 2/3 oz lime juice, freshly squeezed",,37
"1 2/3 oz orange juice, fresh squeezed",,37
1 2/3 tablespoons (g) unsalted butter,,37
1 3/4 oz freshly squeezed lemon juice,,37
"1 3/4 oz lime juice, freshly squeezed",,37
1 3/4 oz prepared spiced simple syrup,,37
1 cup (235g) water or milk (see note),,37
"1 cup buttermilk, at room temperature",,37
1 cup frozen orange juice concentrate,,37
"1 cup tangerine juice, fresh squeezed",,37
"1 medium pineapple, cut into 1"" cubes",,37
"1 onion, finely chopped (about 1 cup)",,37
1 ounce chopped unsweetened chocolate,,37
"1 oz grapefruit juice, fresh squeezed",,37
1 recipe blistered tomato pasta salad,,37
1 recipe coconut chili roasted squash,,37
1 recipe traditional french cassoulet,,37
1 recipe vegan cream of mushroom soup,,37
1 small onion chopped (about 1/2 cup),,37
"1 small yellow onion, roughly chopped",,37
1 tablespoon rice flour or cornstarch,,37
"1/2 cup cardamom pod, lightly crushed",,37
1/2 cup chopped fresh cilantro leaves,,37
1/2 cup chopped fresh Italian parsley,,37
1/2 cup cr√®me fra√Æche or sour cream,,37
1/2 cup finely chopped fresh cilantro,,37
"1/2 cup lemon juice, freshly squeezed",,37
"1/2 large yellow onion, thinly sliced",,37
"1/2 oz orange juice, freshly squeezed",,37
1/2 smoked ham hock (about pounds; g),,37
1/2 tbsp cane simple syrup (optional),,37
"1/2 tbsp lime juice, freshly squeezed",,37
"1/2 teaspoon kosher salt, or to taste",,37
"1/2 tsp cardamom pod, lightly crushed",,37
"1/2 tsp lemon juice, freshly squeezed",,37
"1/3 cup cardamom pod, lightly crushed",,37
1/3 cup cr√®me fra√Æche or sour cream,,37
"1/3 cup lemon juice, freshly squeezed",,37
"1/3 large yellow onion, thinly sliced",,37
"1/3 oz ginger juice, fresh (optional)",,37
"1/3 oz orange juice, freshly squeezed",,37
1/3 smoked ham hock (about pounds; g),,37
"1/3 tbsp lime juice, freshly squeezed",,37
1/3 teaspoon ground cloves (optional),,37
"1/3 tsp cardamom pod, lightly crushed",,37
"1/3 tsp lemon juice, freshly squeezed",,37
1/4 cup (60ml) extra-virgin olive oil,,37
"1/4 cup cardamom pod, lightly crushed",,37
1/4 cup cr√®me fra√Æche or sour cream,,37
1/4 cup finely sliced scallion greens,,37
1/4 cup fresh juice from 3 to 4 limes,,37
"1/4 cup lemon juice, freshly squeezed",,37
"1/4 large yellow onion, thinly sliced",,37
1/4 oz chilled ginger beer (optional),,37
1/4 oz grade B maple syrup (optional),,37
"1/4 oz orange juice, freshly squeezed",,37
1/4 smoked ham hock (about pounds; g),,37
"1/4 tbsp lime juice, freshly squeezed",,37
"1/4 tsp cardamom pod, lightly crushed",,37
"1/4 tsp lemon juice, freshly squeezed",,37
"1/8 cup cardamom pod, lightly crushed",,37
1/8 cup cr√®me fra√Æche or sour cream,,37
"1/8 cup lemon juice, freshly squeezed",,37
"1/8 large yellow onion, thinly sliced",,37
"1/8 oz ginger juice, fresh (optional)",,37
"1/8 oz orange juice, freshly squeezed",,37
1/8 smoked ham hock (about pounds; g),,37
"1/8 tbsp lime juice, freshly squeezed",,37
"1/8 tsp cardamom pod, lightly crushed",,37
"1/8 tsp lemon juice, freshly squeezed",,37
"100 ml orange juice, freshly squeezed",,37
"100g dry vermouth, chilled (optional)",,37
1050 ml single-malt scotch (optional),,37
"1050ml orange juice, freshly squeezed",,37
1100 ml single-malt scotch (optional),,37
"1150ml orange juice, freshly squeezed",,37
"12 -oz grapefruit hefeweizen, chilled",,37
12 1/2 can grapefruit soda (optional),,37
"12 1/2 minneola orange, finely zested",,37
12 1/4 oz cocchi americano (optional),,37
12 1/4 oz freshly squeezed lime juice,,37
12 2/3 oz freshly squeezed lime juice,,37
"1250 ml ginger beer, room temperature",,37
"1350 g orange juice, freshly squeezed",,37
"1350ml orange juice, fresh (optional)",,37
"1350ml orange juice, freshly squeezed",,37
1400 ml maraschino liqueur (optional),,37
"1450 g orange juice, freshly squeezed",,37
1450 ml freshly squeezed orange juice,,37
1450 ml unsweetened pomegranate juice,,37
15 dried Kashmiri chillies (see note),,37
"1500 ml ginger beer, room temperature",,37
"1500 ml lemon juice, freshly squeezed",,37
1500 ml maraschino liqueur (optional),,37
"1500 ml sweet sparkling wine, chilled",,37
"1500ml orange juice, fresh (optional)",,37
2 oz demerara simple syrup (optional),,37
2 1/2 oz freshly squeezed lemon juice,,37
2 1/3 oz freshly squeezed lemon juice,,37
"2 1/3 oz lime juice, freshly squeezed",,37
2 1/3 tablespoons (g) unsalted butter,,37
2 1/4 oz prepared spiced simple syrup,,37
2 1/4 tablespoons (g) unsalted butter,,37
2 1/4 teaspoon baking soda (optional),,37
2 1/8 oz freshly squeezed lemon juice,,37
"2 2/3 oz lime juice, freshly squeezed",,37
"2 2/3 oz orange juice, fresh squeezed",,37
2 2/3 oz prepared spiced simple syrup,,37
"2 3/4 oz lime juice, freshly squeezed",,37
"2 3/4 oz orange juice, fresh squeezed",,37
"2 cups cooked white rice, for serving",,37
"2 habanero chilies, seeded and minced",,37
"2 large garlic cloves, finely chopped",,37
"2 medium cloves garlic, finely minced",,37
2 small green chills split lengthwise,,37
2 tablespoons distilled white vinegar,,37
2 tablespoons whole black peppercorns,,37
"2 teaspoons curry powder, or to taste",,37
2 teaspoons whole-grain Dijon mustard,,37
2 to tablespoons gochujang (see note),,37
2/3 cup (about 5 ounces) boling water,,37
"2/3 cup cardamom pod, lightly crushed",,37
2/3 cup cr√®me fra√Æche or sour cream,,37
"2/3 cup lemon juice, freshly squeezed",,37
"2/3 large yellow onion, thinly sliced",,37
"2/3 oz orange juice, freshly squeezed",,37
2/3 smoked ham hock (about pounds; g),,37
"2/3 tbsp lime juice, freshly squeezed",,37
"2/3 tsp cardamom pod, lightly crushed",,37
"2/3 tsp lemon juice, freshly squeezed",,37
"3 1/2 medium lemon, cut into "" wheels",,37
"3 1/2 oz pink grapefruit juice, fresh",,37
3 1/3 oz chocolate liqueur (optional),,37
"3 1/3 oz lime juice, freshly squeezed",,37
"3 1/3 oz pink grapefruit juice, fresh",,37
"3 1/4 oz lime juice, freshly squeezed",,37
3 1/8 oz freshly squeezed lemon juice,,37
"3 2/3 oz lime juice, freshly squeezed",,37
"3 3/4 oz lime juice, freshly squeezed",,37
"3 3/4 oz orange juice, fresh squeezed",,37
"3 cloves of garlic, peeled and minced",,37
"3 scallions, green part only, chopped",,37
"3 teaspoon Italian seasoning, divided",,37
3/4 cup (100 grams) all-purpose flour,,37
3/4 cup beer (plus more as necessary),,37
"3/4 cup cardamom pod, lightly crushed",,37
3/4 cup cr√®me fra√Æche or sour cream,,37
"3/4 cup lemon juice, freshly squeezed",,37
3/4 cup shredded sharp cheddar cheese,,37
"3/4 large yellow onion, thinly sliced",,37
"3/4 oz orange juice, freshly squeezed",,37
"3/4 pinch cardamom, ground (optional)",,37
3/4 smoked ham hock (about pounds; g),,37
"3/4 tbsp lime juice, freshly squeezed",,37
"3/4 tsp cardamom pod, lightly crushed",,37
"3/4 tsp lemon juice, freshly squeezed",,37
"300 ml orange juice, fresh (optional)",,37
"4 1/2 bottle cava, chilled (optional)",,37
4 1/2 oz freshly squeezed lemon juice,,37
4 1/2 tablespoons (g) unsalted butter,,37
"4 1/3 oz lime juice, freshly squeezed",,37
4 1/3 tablespoons (g) unsalted butter,,37
"4 1/4 oz orange juice, fresh squeezed",,37
4 1/8 oz freshly squeezed lemon juice,,37
"4 1/8 oz lime juice, freshly squeezed",,37
"4 1/8 oz orange juice, fresh squeezed",,37
4 2/3 oz freshly squeezed lemon juice,,37
"4 2/3 oz orange juice, fresh squeezed",,37
"4 3/4 oz orange juice, fresh squeezed",,37
"4 carrots, peeled and cut into chunks",,37
"400g dry vermouth, chilled (optional)",,37
400g lavender simple syrup (optional),,37
"450 ml orange juice, freshly squeezed",,37
"550g hot, freshly brewed black coffee",,37
6 1/2 oz freshly squeezed lemon juice,,37
6 1/3 oz freshly squeezed lemon juice,,37
"6 1/3 oz lime juice, freshly squeezed",,37
"6 1/3 oz pink grapefruit juice, fresh",,37
"6 1/4 medium lemon, cut into "" wheels",,37
6 1/8 cup unsweetened cranberry juice,,37
6 2/3 oz freshly squeezed lemon juice,,37
6 2/3 tsp granulated sugar (optional),,37
6 3/4 cup unsweetened cranberry juice,,37
"6 3/4 oz lime juice, freshly squeezed",,37
6 tablespoons distilled white vinegar,,37
"600 ml orange juice, fresh (optional)",,37
"600 ml orange juice, freshly squeezed",,37
"650g hot, freshly brewed black coffee",,37
"700 ml orange juice, freshly squeezed",,37
"700g grapefruit juice, fresh squeezed",,37
"8 oz hot, freshly brewed black coffee",,37
8 tablespoons (1 stick) salted butter,,37
"800g hot, freshly brewed black coffee",,37
"850g hot, freshly brewed black coffee",,37
"900g grapefruit juice, fresh squeezed",,37
950g lavender simple syrup (optional),,37
For the Roasted Chili Oil Vinaigrette,,37
Freshly grated Parmesan (for serving),,37
"Freshly ground black pepper, to taste",,37
One 2- to 3-pound farm-raised chicken,,37
Optional: barspoon maraschino liqueur,,37
Optional: 1 oz cranberry simple syrup,,37
Optional: 1 recipe banana nut muffins,,37
Optional: 1 recipe cucumber soda foam,,37
Optional: 1/2 oz brewed chamomile tea,,37
"Optional: 1/3 cup beef broth, chilled",,37
"Optional: 1/4 oz cool, filtered water",,37
Optional: 1/8 slice green bell pepper,,37
"Optional: 1/8 tbsp fresh mint, minced",,37
Optional: 2 oz bacon flavored whiskey,,37
"Optional: 3 1/4 oz lemon juice, fresh",,37
Optional: 3/4 oz pomegranate molasses,,37
Optional: 4 3/4 oz maraschino liqueur,,37
"Optional: 6 oz dry lambrusco, chilled",,37
"oz grapefruit juice, freshly squeezed",,37
salt and ground black pepper to taste,,37
Up to 1/4 cup toasted sesame seed oil,,37
1 (28-ounce) can whole peeled tomatoes,,38
1 1/2 cup freshly squeezed lemon juice,,38
1 1/2 cups grated Monterey Jack cheese,,38
"1 1/2 oz lemon juice, freshly squeezed",,38
"1 1/2 tbsp dry sparkling wine, chilled",,38
1 1/2 tsp finely grated dark chocolate,,38
1 1/3 cup (g) water or milk (see note),,38
"1 1/3 oz lemon juice, freshly squeezed",,38
"1 1/4 oz ginger beer, room temperature",,38
"1 1/4 tbsp dry sparkling wine, chilled",,38
1 1/4 tbsp granulated sugar (optional),,38
"1 1/8 bottle dry rose, cold (optional)",,38
1 1/8 oz freshly squeezed orange juice,,38
"1 1/8 oz lemon juice, freshly squeezed",,38
"1 12-oz grapefruit hefeweizen, chilled",,38
"1 2/3 cup lime juice, freshly squeezed",,38
1 2/3 oz unsweetened pomegranate juice,,38
1 3/4 cup (g) water or milk (see note),,38
"1 3/4 cup lime juice, freshly squeezed",,38
"1 3/4 oz lemon juice, freshly squeezed",,38
1 3/4 oz unsweetened pomegranate juice,,38
"1 3/4 tbsp butter, softened (optional)",,38
"1 cup fresh pineapple, cut into chunks",,38
"1 pound (450g) russet potatoes, peeled",,38
1 pound (about 3 large) chicken thighs,,38
1 recipe almond vinaigrette (optional),,38
1 recipe bittersweet chocolate ganache,,38
1 recipe black bean burgers (optional),,38
1 recipe Burnt Garlic-Sesame-Chili Oil,,38
1 recipe cauliflower with cheese sauce,,38
1 recipe green apple sorbet (optional),,38
1 recipe japanese fried chicken thighs,,38
1 recipe light and tender sage gnocchi,,38
1 recipe mozzarella tomato basil salad,,38
1 recipe roasted beet and citrus salad,,38
1 tablespoon Chinese five-spice powder,,38
1 tablespoon chopped flat leaf parsley,,38
1 tablespoon honey or sugar (optional),,38
1 tablespoon light or dark brown sugar,,38
1 tablespoon Louisiana-style hot sauce,,38
1 teaspoon (5ml) fish sauce (optional),,38
1 teaspoon split black gram (Urad dal),,38
"1 yellow onion, sliced into thin rings",,38
"1/2 -oz grapefruit hefeweizen, chilled",,38
1/2 batch ginger-cardamom simple syrup,,38
"1/2 bottle dry sparkling wine, chilled",,38
"1/2 clove medium garlic, thinly sliced",,38
1/2 cup apple cider vinegar (optional),,38
"1/2 cup orange juice, freshly squeezed",,38
1/2 fluid ounces ( cups) half-and-half,,38
"1/2 medium pineapple, cut into "" cubes",,38
1/2 ounces (ml) fresh juice from limes,,38
1/2 oz vanilla simple syrup (optional),,38
"1/2 tbsp lemon juice, freshly squeezed",,38
1/2 teaspoon black salt or Kosher salt,,38
1/2 teaspoon crushed red pepper flakes,,38
"1/3 -oz grapefruit hefeweizen, chilled",,38
1/3 batch ginger-cardamom simple syrup,,38
"1/3 bottle dry sparkling wine, chilled",,38
"1/3 clove medium garlic, thinly sliced",,38
1/3 cup hulled pumpkin seeds (pepitas),,38
"1/3 cup orange juice, freshly squeezed",,38
1/3 fluid ounces ( cups) half-and-half,,38
"1/3 medium pineapple, cut into "" cubes",,38
1/3 ounces (ml) fresh juice from limes,,38
"1/3 tbsp lemon juice, freshly squeezed",,38
"1/4 -oz grapefruit hefeweizen, chilled",,38
1/4 batch ginger-cardamom simple syrup,,38
"1/4 bottle dry sparkling wine, chilled",,38
"1/4 clove medium garlic, thinly sliced",,38
"1/4 cup fish sauce, plus more to taste",,38
"1/4 cup orange juice, freshly squeezed",,38
1/4 fluid ounces ( cups) half-and-half,,38
"1/4 medium pineapple, cut into "" cubes",,38
1/4 ounces (ml) fresh juice from limes,,38
"1/4 pomegranate seed, fresh (optional)",,38
"1/4 tbsp lemon juice, freshly squeezed",,38
1/4 teaspoon crushed red pepper flakes,,38
"1/8 -oz grapefruit hefeweizen, chilled",,38
1/8 batch ginger-cardamom simple syrup,,38
"1/8 bottle dry sparkling wine, chilled",,38
"1/8 clove medium garlic, thinly sliced",,38
"1/8 cup orange juice, freshly squeezed",,38
1/8 fluid ounces ( cups) half-and-half,,38
"1/8 medium pineapple, cut into "" cubes",,38
1/8 ounces (ml) fresh juice from limes,,38
"1/8 tbsp lemon juice, freshly squeezed",,38
"100ml dry vermouth, chilled (optional)",,38
"12 1/2 oz orange juice, fresh squeezed",,38
"12 1/3 cup cranberry, fresh (optional)",,38
12 1/3 cup unsweetened cranberry juice,,38
12 1/3 tablespoons (g) unsalted butter,,38
"12 1/4 oz orange juice, fresh squeezed",,38
12 1/8 cup unsweetened cranberry juice,,38
12 1/8 oz freshly squeezed lemon juice,,38
12 2/3 tablespoons (g) unsalted butter,,38
"12 2/3 tsp creme de violette, optional",,38
12.5 grams pink curing salt (optional),,38
"1250 ml orange juice, freshly squeezed",,38
"1300 ml orange juice, freshly squeezed",,38
"1300g hot, freshly brewed black coffee",,38
"1350g hot, freshly brewed black coffee",,38
"150ml grapefruit juice, fresh squeezed",,38
16 fluid ounces (2 cups) half-and-half,,38
"2 oz pineapple juice, freshly squeezed",,38
2 1/2 cup freshly squeezed lemon juice,,38
"2 1/2 cup lime juice, freshly squeezed",,38
"2 1/3 cup lime juice, freshly squeezed",,38
2 1/3 oz freshly squeezed orange juice,,38
"2 1/3 oz lemon juice, freshly squeezed",,38
2 1/3 oz maraschino liqueur (optional),,38
"2 1/4 cup lime juice, freshly squeezed",,38
2 1/4 oz freshly squeezed orange juice,,38
"2 1/8 oz club soda, chilled (optional)",,38
2 1/8 oz freshly squeezed orange juice,,38
"2 1/8 oz lemon juice, freshly squeezed",,38
2 2/3 oz freshly squeezed orange juice,,38
"2 2/3 oz lemon juice, freshly squeezed",,38
2 3/4 cup freshly squeezed lemon juice,,38
2 3/4 oz freshly squeezed orange juice,,38
"2 3/4 oz lemon juice, fresh (optional)",,38
2 cups (8 ounces) fresh or frozen peas,,38
2 cups baby spinach or chopped spinach,,38
"2 medium navel orange, cut into wheels",,38
2 oz freshly squeezed grapefruit juice,,38
"2 small cloves garlic, roughly chopped",,38
2 tablespoons olive oil or coconut oil,,38
2 tablespoons Shaoxing wine (see note),,38
2 teaspoons finely minced fresh ginger,,38
2 teaspoons toasted whole cumin seeeds,,38
"2/3 -oz grapefruit hefeweizen, chilled",,38
2/3 batch ginger-cardamom simple syrup,,38
"2/3 bottle dry sparkling wine, chilled",,38
"2/3 clove medium garlic, thinly sliced",,38
"2/3 cup orange juice, freshly squeezed",,38
2/3 fluid ounces ( cups) half-and-half,,38
"2/3 medium pineapple, cut into "" cubes",,38
2/3 ounces (ml) fresh juice from limes,,38
"2/3 tbsp lemon juice, freshly squeezed",,38
"200ml hot, freshly brewed black coffee",,38
200ml lavender simple syrup (optional),,38
"250 g hot, freshly brewed black coffee",,38
"3 cup mixed berries, frozen (optional)",,38
3 1/2 cup freshly squeezed lemon juice,,38
"3 1/2 cup lime juice, freshly squeezed",,38
3 1/2 oz freshly squeezed orange juice,,38
"3 1/2 oz lemon juice, freshly squeezed",,38
3 1/2 oz unsweetened pomegranate juice,,38
"3 1/2 tbsp dry sparkling wine, chilled",,38
3 1/3 cup freshly squeezed lemon juice,,38
3 1/3 oz freshly squeezed orange juice,,38
"3 1/3 oz lemon juice, freshly squeezed",,38
"3 1/3 tbsp dry sparkling wine, chilled",,38
3 1/4 oz freshly squeezed orange juice,,38
"3 1/4 oz lemon juice, fresh (optional)",,38
"3 1/4 oz lemon juice, freshly squeezed",,38
3 1/4 tablespoons chopped fresh chives,,38
3 1/8 oz freshly squeezed orange juice,,38
"3 1/8 oz lemon juice, freshly squeezed",,38
"3 2/3 cup lime juice, freshly squeezed",,38
3 2/3 oz freshly squeezed orange juice,,38
"3 2/3 oz ginger beer, room temperature",,38
"3 2/3 oz lemon juice, freshly squeezed",,38
3 2/3 tablespoons chopped fresh chives,,38
"3 3/4 oz ginger beer, room temperature",,38
"3 3/4 oz lemon juice, freshly squeezed",,38
3 cups peanut or canola oil for frying,,38
3 green chilli peppers slit lengthwise,,38
"3 pounds beef shin, with meat attached",,38
"3/4 -oz grapefruit hefeweizen, chilled",,38
3/4 batch ginger-cardamom simple syrup,,38
"3/4 bottle dry sparkling wine, chilled",,38
"3/4 clove medium garlic, thinly sliced",,38
"3/4 cup orange juice, freshly squeezed",,38
3/4 fluid ounces ( cups) half-and-half,,38
"3/4 medium pineapple, cut into "" cubes",,38
3/4 ounces (ml) fresh juice from limes,,38
3/4 oz pomegranate molasses (optional),,38
"3/4 tbsp lemon juice, freshly squeezed",,38
"3/4 tbsp lemon zest, grated (optional)",,38
"300ml hot, freshly brewed black coffee",,38
"350ml grapefruit juice, fresh squeezed",,38
4 1/2 oz freshly squeezed orange juice,,38
"4 1/2 oz lemon juice, freshly squeezed",,38
4 1/2 tbsp whole cumin seed (optional),,38
4 1/4 oz freshly squeezed orange juice,,38
"4 1/4 oz lemon juice, freshly squeezed",,38
4 1/8 oz freshly squeezed orange juice,,38
"4 1/8 oz lemon juice, freshly squeezed",,38
4 2/3 oz freshly squeezed orange juice,,38
4 3/4 oz freshly squeezed orange juice,,38
"400ml hot, freshly brewed black coffee",,38
450 g lavender simple syrup (optional),,38
"500 g dry vermouth, chilled (optional)",,38
"500 g hot, freshly brewed black coffee",,38
"50g grapefruit juice, freshly squeezed",,38
6 tsp freshly grated nutmeg (optional),,38
"6 1/2 cup lime juice, freshly squeezed",,38
6 1/2 oz freshly squeezed orange juice,,38
"6 1/2 oz lemon juice, fresh (optional)",,38
"6 1/2 oz lemon juice, freshly squeezed",,38
6 1/3 oz freshly squeezed orange juice,,38
"6 1/4 cup lime juice, freshly squeezed",,38
6 1/4 oz freshly squeezed orange juice,,38
6 1/8 oz freshly squeezed orange juice,,38
"6 1/8 oz lemon juice, freshly squeezed",,38
"6 1/8 oz sweet sparkling wine, chilled",,38
6 1/8 tbsp cranberry sorbet (optional),,38
6 2/3 oz freshly squeezed orange juice,,38
6 3/4 oz freshly squeezed orange juice,,38
6 tablespoons butter (cut into pieces),,38
"600g tangerine juice, freshly squeezed",,38
"650 g dry vermouth, chilled (optional)",,38
650g freshly squeezed grapefruit juice,,38
"700 g grapefruit juice, fresh squeezed",,38
"750g pineapple juice, freshly squeezed",,38
"800 g hot, freshly brewed black coffee",,38
950 g lavender simple syrup (optional),,38
"Applesauce and sour cream, for serving",,38
"Cheddar, Jack, or Colby cheese, grated",,38
"Fresh cilantro, for garnish (optional)",,38
"One 2-inch knob ginger, roughly sliced",,38
Optional: ¬Ω teaspoon ground coriander,,38
Optional: 1 1/3 cups all-purpose flour,,38
"Optional: 1 3/4 oz celery juice, fresh",,38
Optional: 1 recipe buttermilk biscuits,,38
Optional: 1 recipe marshmallow squares,,38
"Optional: 1/2 tbsp horseradish, grated",,38
Optional: 1/3 floz chilled peach juice,,38
Optional: 1/3 tbsp apple cider vinegar,,38
Optional: 1/3 teaspoon ground cinnamon,,38
Optional: 1/3 tsp orange blossom water,,38
"Optional: 1/4 oz dry vermouth, chilled",,38
Optional: 1/4 teaspoon (g) baking soda,,38
Optional: 12 1/2 sparkling apple cider,,38
"Optional: 12 1/2 tbsp butter, softened",,38
Optional: 12 2/3 tbsp whole cumin seed,,38
Optional: 2 1/2 pinch tiny kosher salt,,38
Optional: 2 1/3 ounces grated Parmesan,,38
"Optional: 2 2/3 slice cucumber, peeled",,38
"Optional: 2 3/4 slice cucumber, peeled",,38
Optional: 2 tablespoon unsalted butter,,38
Optional: 2/3 teaspoon (g) baking soda,,38
Optional: 2/3 teaspoon ground cinnamon,,38
Optional: 3 oz strawberry simple syrup,,38
"Optional: 3 1/4 oz orange juice, fresh",,38
Optional: 3 1/8 dash angostura bitters,,38
Optional: 3 3/4 tbsp cane simple syrup,,38
Optional: 4 1/2 dash burlesque bitters,,38
"Optional: 4 1/2 pinch cardamom, ground",,38
Optional: 4 1/4 dash angostura bitters,,38
"Optional: 4 1/8 pinch cardamom, ground",,38
Several gratings or two pinches nutmeg,,38
"1 (1/2 inch) piece fresh ginger, minced",,39
1 (28-ounce; 794g) can crushed tomatoes,,39
1 ¬Ω tablespoons extra-virgin olive oil,,39
"1 1/2 cup cardamom pod, lightly crushed",,39
1 1/2 tablespoons ghee or vegetable oil,,39
"1 1/2 tbsp lime juice, freshly squeezed",,39
1 1/2 to 2 tablespoons chili bean paste,,39
"1 1/3 cup cardamom pod, lightly crushed",,39
"1 1/3 oz orange juice, freshly squeezed",,39
"1 1/3 tbsp lime juice, freshly squeezed",,39
"1 1/3 tsp cardamom pod, lightly crushed",,39
"1 2/3 tsp cardamom pod, lightly crushed",,39
"1 3/4 oz orange juice, freshly squeezed",,39
"1 cup fresh basil leaves, thinly sliced",,39
1 cup Ô¨Ånely chopped Mexican chocolate,,39
"1 large egg, lightly beaten with a fork",,39
"1 large onion, skin on, roughly chopped",,39
"1 medium-to-large yellow onion, chopped",,39
1 ounce (3 tablespoons; 30g) cornstarch,,39
"1 oz grapefruit juice, freshly squeezed",,39
"1 plum tomato, cut into 1/4 inch pieces",,39
1 recipe broccoli salad with pistachios,,39
1 recipe charred carrot salad with feta,,39
1 recipe cherry walnut Brussels sprouts,,39
1 recipe chilled tomato soup (optional),,39
1 recipe easy carrot and chickpea salad,,39
1 recipe pasta with roasted cauliflower,,39
1 recipe radicchio and watercress salad,,39
1 recipe red pepper breakfast casserole,,39
1 recipe simple spaghetti and meatballs,,39
1 recipe sour cream buttermilk biscuits,,39
1 recipe spicy shrimp and avocado salad,,39
1 recipe vietnamese style baked chicken,,39
1 recipe watermelon feta and mint salad,,39
1 tablespoon Chinese chili garlic sauce,,39
"1 tablespoon grated ginger, or to taste",,39
"1/2 cup extra virgin olive oil, divided",,39
"1/2 cup tangerine juice, fresh squeezed",,39
"1/2 green bell pepper, cored and seeded",,39
"1/2 oz grapefruit juice, fresh squeezed",,39
"1/2 oz hot, freshly brewed black coffee",,39
"1/2 oz key lime juice, freshly squeezed",,39
1/2 teaspoon (g) baking soda (optional),,39
"1/2 teaspoon black peppercorns, toasted",,39
1/2 teaspoon minced fresh peeled ginger,,39
"1/3 cup tangerine juice, fresh squeezed",,39
"1/3 oz grapefruit juice, fresh squeezed",,39
"1/3 oz hot, freshly brewed black coffee",,39
"1/3 oz key lime juice, freshly squeezed",,39
"1/4 cup tangerine juice, fresh squeezed",,39
"1/4 oz grapefruit juice, fresh squeezed",,39
"1/4 oz hot, freshly brewed black coffee",,39
"1/4 oz key lime juice, freshly squeezed",,39
1/4 oz lavender simple syrup (optional),,39
"1/4 pound prosciutto, sliced paper thin",,39
1/4 teaspoon black pepper (or to taste),,39
"1/8 cup tangerine juice, fresh squeezed",,39
"1/8 oz grapefruit juice, fresh squeezed",,39
"1/8 oz hot, freshly brewed black coffee",,39
"1/8 oz key lime juice, freshly squeezed",,39
"1000ml dry vermouth, chilled (optional)",,39
"1000ml hot, freshly brewed black coffee",,39
"100g grapefruit juice, freshly squeezed",,39
"1050 g hot, freshly brewed black coffee",,39
"1100g tangerine juice, freshly squeezed",,39
"12 1/4 oz sweet sparkling wine, chilled",,39
"12 1/8 oz apple cider, fresh (optional)",,39
"1200g pineapple juice, freshly squeezed",,39
"1250 g hot, freshly brewed black coffee",,39
"1350 g grapefruit juice, fresh squeezed",,39
1450g freshly squeezed grapefruit juice,,39
"1450ml hot, freshly brewed black coffee",,39
1500ml lavender simple syrup (optional),,39
150ml freshly squeezed grapefruit juice,,39
"2 3/4 large yellow onion, thinly sliced",,39
"2 cloves garlic, grated on a microplane",,39
2 cup freshly squeezed grapefruit juice,,39
2 medium eggplants (about 1 pound each),,39
"2 tablespoons curry powder, or to taste",,39
"2 tablespoons red chili powder, divided",,39
"2 tablespoons unsalted butter, softened",,39
"2 Tbsp. extra-virgin olive oil, divided",,39
2 teaspoons freshly ground black pepper,,39
"2/3 cup tangerine juice, fresh squeezed",,39
"2/3 oz dry vermouth, chilled (optional)",,39
"2/3 oz grapefruit juice, fresh squeezed",,39
"2/3 oz hot, freshly brewed black coffee",,39
"2/3 oz key lime juice, freshly squeezed",,39
3 oz prepared spiced apple simple syrup,,39
"3 1/2 oz orange juice, freshly squeezed",,39
3 1/2 smoked ham hock (about pounds; g),,39
"3 1/4 oz orange juice, freshly squeezed",,39
"3 2/3 large yellow onion, thinly sliced",,39
"3 2/3 oz orange juice, freshly squeezed",,39
3 2/3 tsp maraschino liqueur (optional),,39
"3 3/4 oz orange juice, freshly squeezed",,39
"3 cups peanut, canola, or vegetable oil",,39
"3 oz grapefruit juice, freshly squeezed",,39
"3/4 cup tangerine juice, fresh squeezed",,39
"3/4 oz grapefruit juice, fresh squeezed",,39
"3/4 oz hot, freshly brewed black coffee",,39
"3/4 oz key lime juice, freshly squeezed",,39
"3/4 stalk lemongrass, sliced (optional)",,39
"350 ml grapefruit juice, fresh squeezed",,39
"350 ml hot, freshly brewed black coffee",,39
"4 cup semisweet chocolate chip, chopped",,39
"4 medium cucumber, sliced into "" rounds",,39
4 oz prepared spiced apple simple syrup,,39
"4 oz sparkling wine, preferable moscato",,39
"4 1/2 tbsp lime juice, freshly squeezed",,39
"4 1/2 tsp cardamom pod, lightly crushed",,39
4 1/4 pounds russet potatoes (optional),,39
"4 1/8 oz orange juice, fresh (optional)",,39
"4 2/3 tbsp lime juice, freshly squeezed",,39
4 3/4 dash burlesque bitters (optional),,39
"4 large pitas, toasted, cut into wedges",,39
"4 oz sparkling wine, preferable moscato",,39
"4 tablespoons sugar, plus more to taste",,39
"400 ml dry vermouth, chilled (optional)",,39
400ml freshly squeezed grapefruit juice,,39
"400ml tangerine juice, freshly squeezed",,39
450 g freshly squeezed grapefruit juice,,39
"450 ml hot, freshly brewed black coffee",,39
"5 large carrots (about 1¬Ω lb.), peeled",,39
"50 ml tangerine juice, freshly squeezed",,39
"500g grapefruit juice, freshly squeezed",,39
"550g grapefruit juice, freshly squeezed",,39
"6 oz grapefruit juice, freshly squeezed",,39
"6 tsp coriander seed, ground (optional)",,39
6 1/8 cup cr√®me fra√Æche or sour cream,,39
"6 1/8 oz orange juice, freshly squeezed",,39
"6 2/3 cup cardamom pod, lightly crushed",,39
6 2/3 cup cr√®me fra√Æche or sour cream,,39
"6 3/4 cup cardamom pod, lightly crushed",,39
"6 3/4 lemon, cut into wheels (optional)",,39
"600 ml dry vermouth, chilled (optional)",,39
"650 g tangerine juice, freshly squeezed",,39
700 ml lavender simple syrup (optional),,39
"750 ml grapefruit juice, fresh squeezed",,39
8 whole wheat hamburger buns (optional),,39
800 g freshly squeezed grapefruit juice,,39
"800 g tangerine juice, freshly squeezed",,39
"800ml tangerine juice, freshly squeezed",,39
"850ml pineapple juice, freshly squeezed",,39
"900g grapefruit juice, freshly squeezed",,39
"950 ml hot, freshly brewed black coffee",,39
"950ml pineapple juice, freshly squeezed",,39
cinnamon stick or pinch ground cinnamon,,39
For serving: roasted and salted pepitas,,39
"One 3-inch knob ginger, roughly chopped",,39
Optional: ¬º cup extra-virgin olive oil,,39
Optional: 1 1/2 teaspoons baking powder,,39
Optional: 1 3/4 oz pureed concord grape,,39
"Optional: 1 oz. Parmesan, finely grated",,39
Optional: 1 pinch chipotle chile powder,,39
Optional: 1/4 oz unfiltered apple cider,,39
Optional: 1/4 tbsp whole coriander seed,,39
"Optional: 1/8 oz pink grapefruit, fresh",,39
Optional: 12 1/2 oz strong black coffee,,39
"Optional: 12 1/4 lb strawberry, trimmed",,39
Optional: 12 1/4 oz brut sparkling wine,,39
Optional: 12 2/3 cups ( ml) heavy cream,,39
Optional: 2 teaspoons (8g) ground cumin,,39
Optional: 2/3 oz unfiltered apple cider,,39
"Optional: 3 1/4 pomegranate seed, fresh",,39
Optional: 4 1/4 oz brewed chamomile tea,,39
"1 large sweet potatoes, peeled and cubed",,40
1 1/2 batch ginger-cardamom simple syrup,,40
1 1/2 cups Monterey Jack cheese shredded,,40
"1 1/2 teaspoons coriander seeds, toasted",,40
"1 1/2 teaspoons hot sauce, such as Grace",,40
"1 1/3 clove medium garlic, thinly sliced",,40
1 1/3 fluid ounces ( cups) half-and-half,,40
1 1/4 pound delicata squash (one medium),,40
"1 1/8 clove medium garlic, thinly sliced",,40
"1 14-ounce can chickpeas rinsed, drained",,40
1 2/3 batch ginger-cardamom simple syrup,,40
1 3/4 dash maraschino liqueur (optional),,40
1 3/4 oz pureed concord grape (optional),,40
"1 cup ginger, peeled and roughly chopped",,40
"1 cup grapefruit juice, freshly squeezed",,40
"1 inch piece fresh ginger, finely grated",,40
"1 large sheet nori, cut into thin strips",,40
"1 pound mussels, scrubbed and de-bearded",,40
"1 quart vegetable, canola, or peanut oil",,40
1 recipe arugula fennel and orange salad,,40
1 recipe buttermilk blue cheese dressing,,40
1 recipe chocolate financiers (optional),,40
1 recipe food lab chocolate chip cookies,,40
1 recipe quick and easy huevos rancheros,,40
1 recipe spicy chickpea salad with bacon,,40
1 recipe tofu and kale salad with tahini,,40
"1 small head of cabbage, finely shredded",,40
1 tablespoon (0.5 oz / 14 g) baking soda,,40
"1 tablespoon coarse salt, for glass rims",,40
1 tablespoon freshly squeezed lime juice,,40
"1 tablespoon, plus 1 teaspoon cornstarch",,40
1 teaspoon (0.11 oz / 3 g) instant yeast,,40
1 teaspoon (5ml) distilled white vinegar,,40
"1 tsp. coriander seeds, coarsely crushed",,40
"1 whole shallot, split in half (skin on)",,40
"1-inch piece peeled fresh ginger, minced",,40
"1/2 cup fresh pineapple, cut into chunks",,40
1/2 cup soy sauce (about 4 ounces; 115g),,40
1/2 cup sugar (about 3 1/2 ounces; 100g),,40
"1/2 lb plums, pitted and roughly chopped",,40
"1/2 medium navel orange, cut into wheels",,40
"1/2 ounces (g) all-purpose flour, sifted",,40
1/2 oz freshly squeezed grapefruit juice,,40
"1/2 oz pineapple juice, freshly squeezed",,40
"1/2 oz tangerine juice, freshly squeezed",,40
"1/2 teaspoon cumin seeds, freshly ground",,40
1/2 teaspoon freshly ground black pepper,,40
"1/2 tsp black peppercorn, freshly ground",,40
"1/3 black peppercorn, cracked (optional)",,40
"1/3 cup fresh pineapple, cut into chunks",,40
"1/3 medium navel orange, cut into wheels",,40
"1/3 ounces (g) all-purpose flour, sifted",,40
1/3 oz freshly squeezed grapefruit juice,,40
"1/3 oz pineapple juice, freshly squeezed",,40
1/3 oz pineapple simple syrup (optional),,40
"1/3 oz tangerine juice, freshly squeezed",,40
1/3 teaspoon freshly ground black pepper,,40
"1/3 tsp black peppercorn, freshly ground",,40
"1/4 cup chopped cilantro leaves, divided",,40
"1/4 cup fresh pineapple, cut into chunks",,40
"1/4 medium navel orange, cut into wheels",,40
"1/4 ounces (g) all-purpose flour, sifted",,40
1/4 oz freshly squeezed grapefruit juice,,40
"1/4 oz pineapple juice, freshly squeezed",,40
"1/4 oz tangerine juice, freshly squeezed",,40
"1/4 pod vanilla bean, scraped (optional)",,40
1/4 teaspoon freshly ground black pepper,,40
"1/4 tsp black peppercorn, freshly ground",,40
"1/8 cup fresh pineapple, cut into chunks",,40
"1/8 medium navel orange, cut into wheels",,40
"1/8 ounces (g) all-purpose flour, sifted",,40
1/8 oz freshly squeezed grapefruit juice,,40
"1/8 oz pineapple juice, freshly squeezed",,40
"1/8 oz tangerine juice, freshly squeezed",,40
1/8 teaspoon freshly ground black pepper,,40
"1/8 tsp black peppercorn, freshly ground",,40
"100 g grapefruit juice, freshly squeezed",,40
"1000 g pineapple juice, freshly squeezed",,40
1050 ml lavender simple syrup (optional),,40
"1050g grapefruit juice, freshly squeezed",,40
"1100 ml hot, freshly brewed black coffee",,40
"1150 g pineapple juice, freshly squeezed",,40
"1150g grapefruit juice, freshly squeezed",,40
"12 medium cucumber, sliced into "" rounds",,40
"12 1/3 cup lemon juice, freshly squeezed",,40
"12 1/3 oz orange juice, freshly squeezed",,40
"12 1/8 cup lemon juice, freshly squeezed",,40
"12 2/3 tsp lemon juice, freshly squeezed",,40
"12 3/4 cup lemon juice, freshly squeezed",,40
"12 3/4 lemon, cut into rounds (optional)",,40
12 3/4 smoked ham hock (about pounds; g),,40
"12 3/4 tsp lemon juice, freshly squeezed",,40
"12 hot Chinese dry chili peppers, seeded",,40
"1250 ml hot, freshly brewed black coffee",,40
"1300 ml hot, freshly brewed black coffee",,40
"1300g sparkling wine, preferable moscato",,40
"1450g sparkling wine, preferable moscato",,40
"150 g grapefruit juice, freshly squeezed",,40
"170 g whole coffee bean, coarsely ground",,40
"2 tablespoon coarse salt, for glass rims",,40
2 1/2 ounces (ml) fresh juice from limes,,40
"2 1/3 tbsp lemon juice, freshly squeezed",,40
2 1/4 ounces (ml) fresh juice from limes,,40
"2 2/3 tbsp lemon juice, freshly squeezed",,40
"2 3/4 clove medium garlic, thinly sliced",,40
"2 large leeks, washed, and thinly sliced",,40
"2 large sweet potatoes, peeled and cubed",,40
"2 romaine hearts, leaves separated, torn",,40
2 tablespoons (1 oz) cultured buttermilk,,40
"2 Tbsp. unsalted butter, cut into pieces",,40
2 teaspoons Chinkiang vinegar (see note),,40
2‚Äâ¬º cups all-purpose flour (optional),,40
"2‚Äâ¬Ω cups water, or as needed, divided",,40
"2/3 cup fresh pineapple, cut into chunks",,40
"2/3 medium grapefruit, zested (optional)",,40
"2/3 medium navel orange, cut into wheels",,40
"2/3 ounces (g) all-purpose flour, sifted",,40
2/3 oz cranberry simple syrup (optional),,40
2/3 oz freshly squeezed grapefruit juice,,40
"2/3 oz pineapple juice, freshly squeezed",,40
"2/3 oz tangerine juice, freshly squeezed",,40
2/3 teaspoon freshly ground black pepper,,40
"2/3 tsp black peppercorn, freshly ground",,40
"3 cup ginger, peeled and roughly chopped",,40
"3 (8-oz) packages cream cheese, softened",,40
"3 1/3 bottle dry sparkling wine, chilled",,40
"3 1/3 tbsp lemon juice, freshly squeezed",,40
"3 1/8 bottle dry sparkling wine, chilled",,40
"3 2/3 tbsp lemon juice, freshly squeezed",,40
"3 3/4 tbsp lemon juice, freshly squeezed",,40
3 cups water or low-sodium chicken broth,,40
"3 ears of corn, shucked, kernels removed",,40
3 ounces peeled and finely grated daikon,,40
3 tablespoons komezu (rice wine vinegar),,40
3 whole chipotle chilies canned in adobo,,40
"3/4 cup fresh pineapple, cut into chunks",,40
"3/4 medium navel orange, cut into wheels",,40
"3/4 ounces (g) all-purpose flour, sifted",,40
3/4 oz freshly squeezed grapefruit juice,,40
"3/4 oz pineapple juice, freshly squeezed",,40
"3/4 oz tangerine juice, freshly squeezed",,40
3/4 tbsp whole coriander seed (optional),,40
3/4 teaspoon freshly ground black pepper,,40
"3/4 tsp black peppercorn, freshly ground",,40
"3/4 wheel orange, for garnish (optional)",,40
"350 ml tangerine juice, freshly squeezed",,40
"4 1/2 tbsp lemon juice, freshly squeezed",,40
"4 1/3 -oz grapefruit hefeweizen, chilled",,40
"4 1/3 cup orange juice, freshly squeezed",,40
4 1/3 ounces (ml) fresh juice from limes,,40
"4 1/4 cup orange juice, freshly squeezed",,40
4 1/4 dash grapefruit bitters (optional),,40
"4 1/4 medium pineapple, cut into "" cubes",,40
"4 1/4 tbsp lemon zest, grated (optional)",,40
"4 2/3 medium pineapple, cut into "" cubes",,40
"4 3/4 -oz grapefruit hefeweizen, chilled",,40
4 3/4 ounces (ml) fresh juice from limes,,40
"4 3/4 tbsp lemon juice, freshly squeezed",,40
"4 small shallots, minced (about 1/2 cup)",,40
450 ml freshly squeezed grapefruit juice,,40
"50 ml grapefruit juice, freshly squeezed",,40
"500 g sparkling wine, preferable moscato",,40
"500 ml pineapple juice, freshly squeezed",,40
"6 oz champagne, approximately (optional)",,40
6 1/4 batch ginger-cardamom simple syrup,,40
"700 g grapefruit juice, freshly squeezed",,40
"700ml grapefruit juice, freshly squeezed",,40
"750 ml pineapple juice, freshly squeezed",,40
"750ml grapefruit juice, freshly squeezed",,40
"8 ounces parsnips, grated (about 2 cups)",,40
8 tablespoons (4 ounces) unsalted butter,,40
"900ml grapefruit juice, freshly squeezed",,40
"950ml sparkling wine, preferable moscato",,40
"Flat-leaf parsley (chopped, for garnish)",,40
large pinch red pepper flakes (optional),,40
"Optional: minneola orange, finely zested",,40
Optional: 1 1/2 oz demerara simple syrup,,40
"Optional: 1 baguette, sliced and toasted",,40
"Optional: 1 medium yellow onion, chopped",,40
Optional: 1 recipe snickerdoodle cookies,,40
Optional: 1/3 oz strawberry simple syrup,,40
"Optional: 1/3 tsp nutmeg, freshly grated",,40
Optional: 1/4 cup extra-virgin olive oil,,40
"Optional: 1/8 oz large lime juice, fresh",,40
Optional: 12 3/4 oz brewed chamomile tea,,40
Optional: 2 cups finely chopped broccoli,,40
Optional: 3 2/3 tsp worcestershire sauce,,40
"Optional: 4 1/3 cup tonic water, chilled",,40
1 cinnamon stick or pinch ground cinnamon,,41
"1 inch peeled fresh ginger, thinly sliced",,41
"1 medium yellow onion, chopped (optional)",,41
1 recipe cajun shrimp and sausage skillet,,41
1 recipe veal milanese with arugula salad,,41
1 tablespoon freshly squeezed lemon juice,,41
"1 teaspoon ginger, grated on a microplane",,41
1 teaspoon grated fresh ginger (optional),,41
1/2 cup Cookie Butter (or Biscoff Spread),,41
"1/2 cup fresh sage leaves, finely chopped",,41
1/2 cup freshly squeezed grapefruit juice,,41
"1/2 cup semisweet chocolate chip, chopped",,41
"1/2 medium cucumber, sliced into "" rounds",,41
1/2 oz fresh pomegranate juice (optional),,41
"1/2 oz grapefruit juice, freshly squeezed",,41
"1/2 oz lemon, freshly squeezed (optional)",,41
1/2 oz prepared spiced apple simple syrup,,41
"1/2 oz sparkling wine, preferable moscato",,41
1/2 pounds russet potatoes (about medium),,41
"1/2 tsp horseradish sauce, freshly grated",,41
1/3 cup freshly squeezed grapefruit juice,,41
"1/3 cup semisweet chocolate chip, chopped",,41
"1/3 medium cucumber, sliced into "" rounds",,41
"1/3 oz grapefruit juice, freshly squeezed",,41
1/3 oz prepared spiced apple simple syrup,,41
"1/3 oz sparkling wine, preferable moscato",,41
1/3 pounds russet potatoes (about medium),,41
"1/3 tsp horseradish sauce, freshly grated",,41
1/4 cup freshly squeezed grapefruit juice,,41
1/4 cup maltose syrup or honey (see note),,41
"1/4 cup semisweet chocolate chip, chopped",,41
"1/4 lb lemon, room temperature (optional)",,41
"1/4 medium cucumber, sliced into "" rounds",,41
"1/4 oz grapefruit juice, freshly squeezed",,41
1/4 oz prepared spiced apple simple syrup,,41
"1/4 oz sparkling wine, preferable moscato",,41
1/4 pounds russet potatoes (about medium),,41
"1/4 tsp horseradish sauce, freshly grated",,41
1/8 cup freshly squeezed grapefruit juice,,41
"1/8 cup semisweet chocolate chip, chopped",,41
"1/8 medium cucumber, sliced into "" rounds",,41
"1/8 oz grapefruit juice, freshly squeezed",,41
1/8 oz prepared spiced apple simple syrup,,41
"1/8 oz sparkling wine, preferable moscato",,41
1/8 pounds russet potatoes (about medium),,41
"1/8 tsp horseradish sauce, freshly grated",,41
"100 ml grapefruit juice, freshly squeezed",,41
"1050ml grapefruit juice, freshly squeezed",,41
"12 1/3 cup orange juice, freshly squeezed",,41
"12 1/3 medium pineapple, cut into "" cubes",,41
"12 1/4 bottle dry sparkling wine, chilled",,41
"12 1/4 cup orange juice, freshly squeezed",,41
"12 1/4 medium pineapple, cut into "" cubes",,41
"12 2/3 -oz grapefruit hefeweizen, chilled",,41
"12 3/4 bottle dry sparkling wine, chilled",,41
"1200 g grapefruit juice, freshly squeezed",,41
"1250ml grapefruit juice, freshly squeezed",,41
1300 ml freshly squeezed grapefruit juice,,41
"1350 g grapefruit juice, freshly squeezed",,41
"1350 g sparkling wine, preferable moscato",,41
"1400 g grapefruit juice, freshly squeezed",,41
"1400ml grapefruit juice, freshly squeezed",,41
"1400ml sparkling wine, preferable moscato",,41
"1450 g grapefruit juice, freshly squeezed",,41
2 2/3 oz lavender simple syrup (optional),,41
"2 carrots, scrubbed clean, finely chopped",,41
"2 cloves garlic, minced, or more to taste",,41
"2 cloves garlic, or more to taste, minced",,41
"2 cups (250 g) all-purpose flour, divided",,41
2 cups uncooked long or medium grain rice,,41
"2 large cloves garlic, smashed and peeled",,41
"2 medium cloves garlic, minced (optional)",,41
"2 medium cloves garlic, pressed or minced",,41
"2 tablespoons (24g) kosher salt, to taste",,41
"2 tablespoons olive oil, plus 2 teaspoons",,41
2 tablespoons red food coloring (1 ounce),,41
2 tablespoons Shao Xing rice wine or sake,,41
"2 tablespoons soy sauce, or more to taste",,41
2 trimmed and finely chopped green onions,,41
"2 whole leeks, washed and roughly chopped",,41
2/3 cup freshly squeezed grapefruit juice,,41
"2/3 cup semisweet chocolate chip, chopped",,41
"2/3 medium cucumber, sliced into "" rounds",,41
"2/3 oz grapefruit juice, freshly squeezed",,41
2/3 oz prepared spiced apple simple syrup,,41
"2/3 oz sparkling wine, chilled (optional)",,41
"2/3 oz sparkling wine, preferable moscato",,41
2/3 oz strawberry simple syrup (optional),,41
2/3 pounds russet potatoes (about medium),,41
"2/3 tsp horseradish sauce, freshly grated",,41
"200 ml sparkling wine, preferable moscato",,41
3 tablespoon freshly squeezed lemon juice,,41
"3 1/2 oz grapefruit juice, fresh squeezed",,41
"3 1/4 cup tangerine juice, fresh squeezed",,41
"3 1/8 oz grapefruit juice, fresh squeezed",,41
"3 2/3 oz dry vermouth, chilled (optional)",,41
"3 3/4 cup tangerine juice, fresh squeezed",,41
"3 tablespoons rice wine, such as Shaoxing",,41
3/4 cup freshly squeezed grapefruit juice,,41
"3/4 cup semisweet chocolate chip, chopped",,41
"3/4 lb lemon, room temperature (optional)",,41
"3/4 medium cucumber, sliced into "" rounds",,41
"3/4 oz grapefruit juice, freshly squeezed",,41
3/4 oz prepared spiced apple simple syrup,,41
"3/4 oz sparkling wine, preferable moscato",,41
3/4 pounds russet potatoes (about medium),,41
"3/4 teaspoon table salt, or more to taste",,41
"3/4 tsp horseradish sauce, freshly grated",,41
"4 1/4 oz hot, freshly brewed black coffee",,41
"4 1/4 oz key lime juice, freshly squeezed",,41
"4 1/8 oz key lime juice, freshly squeezed",,41
"4 2/3 oz hot, freshly brewed black coffee",,41
4 pounds russet potatoes (about 7 medium),,41
"6 1/2 cup tangerine juice, fresh squeezed",,41
"6 1/4 cup tangerine juice, fresh squeezed",,41
"6 cloves garlic, minced, or more to taste",,41
"700 ml grapefruit juice, freshly squeezed",,41
"8 ounces firm tofu, cut into 1-inch cubes",,41
"800 ml grapefruit juice, freshly squeezed",,41
"For an extra kick, add red pepper flakes.",,41
Level off the excess with a butter knife.,,41
Optional: tablespoons (g) unsalted butter,,41
"Optional: 1 teaspoon kosher salt, divided",,41
Optional: 1/2 tablespoons unsalted butter,,41
Optional: 1/3 oz cardamom-infused bourbon,,41
Optional: 1/8 barspoon maraschino liqueur,,41
"Optional: 12 2/3 stalk lemongrass, sliced",,41
"Optional: 2 2/3 oz pineapple juice, fresh",,41
"Optional: 2 cups shelled edamame, steamed",,41
"Optional: 3 1/3 pod vanilla bean, scraped",,41
1 (13.5 ounce) can coconut milk (see note),,42
1 (15 ounce) can pineapple chunks in juice,,42
"1 (3 ounce) package cream cheese, softened",,42
"1 1/2 cups white basmati rice, rinsed well",,42
"1 1/2 medium grapefruit, zested (optional)",,42
"1 1/2 oz pineapple juice, freshly squeezed",,42
"1 1/2 tablespoons steak sauce, such as A-1",,42
"1 1/2 teaspoons whole cumin seeds, toasted",,42
1 1/4 oz unfiltered apple cider (optional),,42
1 16 oz can of chickpeas or garbanzo beans,,42
"1 ancho chile crushed, stemmed, and seeded",,42
1 cup fresh cilantro leaves (1 ounce; 28g),,42
1 loaf French Bread cut into 1-inch slices,,42
"1 medium cucumber, sliced into 1/4"" rounds",,42
1 pound (450g) dried dark red kidney beans,,42
1 recipe bacon and egg breakfast casserole,,42
1 recipe grilled bean and red pepper salad,,42
1 recipe hot numbing sichuan chicken salad,,42
1 recipe marinated kale and chickpea salad,,42
1 recipe one bowl overnight cinnamon rolls,,42
1 recipe rice salad with nuts and cherries,,42
1 recipe roasted beets with balsamic glaze,,42
"1 small onion, finely minced (about 1 cup)",,42
"1 small red or green chili, finely chopped",,42
1 tablespoon (15ml) lime juice from 1 lime,,42
1 tablespoon aji Amarillo paste (see note),,42
1 tablespoon finely sliced scallion greens,,42
1 tablespoon Thai or Vietnamese fish sauce,,42
1 tablespoon Vietnamese or Thai fish sauce,,42
1 teaspoon adobo sauce from the pepper can,,42
1 tej patta (Indian bay leaf) ‚Äì optional,,42
"1/2 cup ginger, peeled and roughly chopped",,42
"1/2 cup grapefruit juice, freshly squeezed",,42
"1/2 large sweet potatoes, peeled and cubed",,42
"1/2 oz pomegranate juice, fresh (optional)",,42
"1/2 tablespoon coarse salt, for glass rims",,42
1/2 teaspoon curry powder (such as Madras),,42
"1/3 cup ginger, peeled and roughly chopped",,42
"1/3 cup grapefruit juice, freshly squeezed",,42
"1/3 large sweet potatoes, peeled and cubed",,42
"1/3 tablespoon coarse salt, for glass rims",,42
1/4 cup (60ml) sour cream or Mexican crema,,42
"1/4 cup ginger, peeled and roughly chopped",,42
"1/4 cup grapefruit juice, freshly squeezed",,42
"1/4 large sweet potatoes, peeled and cubed",,42
"1/4 tablespoon coarse salt, for glass rims",,42
"1/8 cup ginger, peeled and roughly chopped",,42
"1/8 cup grapefruit juice, freshly squeezed",,42
"1/8 large sweet potatoes, peeled and cubed",,42
"1/8 tablespoon coarse salt, for glass rims",,42
10 ounces all-purpose flour (about 2 cups),,42
"1150 ml grapefruit juice, freshly squeezed",,42
"12 1/2 oz cucumber juice, fresh (optional)",,42
12 1/2 teaspoon ground cinnamon (optional),,42
12 1/3 teaspoon ground cinnamon (optional),,42
"12 1/8 oz hot, freshly brewed black coffee",,42
"12 3/4 oz hot, freshly brewed black coffee",,42
"1200 ml grapefruit juice, freshly squeezed",,42
"1300 ml grapefruit juice, freshly squeezed",,42
"1500 ml grapefruit juice, freshly squeezed",,42
"1500 ml sparkling wine, preferable moscato",,42
"2 1/2 oz tangerine juice, freshly squeezed",,42
"2 1/3 cup fresh pineapple, cut into chunks",,42
2 1/3 oz freshly squeezed grapefruit juice,,42
"2 1/3 oz pineapple juice, freshly squeezed",,42
"2 1/8 cup fresh pineapple, cut into chunks",,42
"2 1/8 oz tangerine juice, freshly squeezed",,42
2 2/3 oz freshly squeezed grapefruit juice,,42
"2 3/4 oz tangerine juice, freshly squeezed",,42
2 cloves minced garlic (about 4 teaspoons),,42
"2 sticks unsalted butter (1 cup), softened",,42
2 tablespoon toasted ground coriander seed,,42
2 tablespoons roasted chili oil (see note),,42
2 teaspoons (10ml) fresh juice from 1 lime,,42
2 teaspoons ginger-garlic paste (see note),,42
2 to 3 tablespoons brandy (such as Cognac),,42
"2/3 cup ginger, peeled and roughly chopped",,42
"2/3 cup grapefruit juice, freshly squeezed",,42
"2/3 large sweet potatoes, peeled and cubed",,42
"2/3 tablespoon coarse salt, for glass rims",,42
"24 ounces soft silken tofu, roughly broken",,42
"3 1/2 medium navel orange, cut into wheels",,42
3 1/2 teaspoon freshly ground black pepper,,42
3 1/2 tsp balsamic simple syrup (optional),,42
"3 1/3 medium navel orange, cut into wheels",,42
3 1/3 oz freshly squeezed grapefruit juice,,42
3 1/4 oz freshly squeezed grapefruit juice,,42
3 2/3 oz freshly squeezed grapefruit juice,,42
3 3/4 teaspoon freshly ground black pepper,,42
3 tablespoons Chinkiang vinegar (see note),,42
"3 tablespoons sugar, plus more for dusting",,42
"3/4 cup ginger, peeled and roughly chopped",,42
"3/4 cup grapefruit juice, freshly squeezed",,42
"3/4 large sweet potatoes, peeled and cubed",,42
"3/4 tablespoon coarse salt, for glass rims",,42
4 teaspoon adobo sauce from the pepper can,,42
"4 1/8 ounces (g) all-purpose flour, sifted",,42
"4 3/4 ounces (g) all-purpose flour, sifted",,42
"6 1/2 tsp black peppercorn, freshly ground",,42
"6 1/8 tsp black peppercorn, freshly ground",,42
"6 2/3 oz tangerine juice, freshly squeezed",,42
"6 3/4 oz tangerine juice, freshly squeezed",,42
"6 ounces white button mushrooms, quartered",,42
Additional paprika or sumac for sprinkling,,42
"All-purpose flour, for dredging (optional)",,42
"Chili powder or hot chili flakes, to taste",,42
"Optional: oz ginger beer, room temperature",,42
Optional: 1 recipe pan roasted cauliflower,,42
Optional: 1 recipe ramen chashu pork belly,,42
"Optional: 1/3 cup fresh strawberry, sliced",,42
Optional: 2 1/3 oz grapefruit simple syrup,,42
Quarters of lime to squeeze over the tacos,,42
"Small handful fresh parsley leaves, minced",,42
1 1/2 cups seafood stock or vegetable broth,,43
"1 1/2 oz grapefruit juice, freshly squeezed",,43
1 1/2 oz prepared spiced apple simple syrup,,43
"1 1/4 cup semisweet chocolate chip, chopped",,43
"1 2/3 oz grapefruit juice, freshly squeezed",,43
"1 3/4 oz grapefruit juice, freshly squeezed",,43
"1 3/4 tsp nutmeg, freshly grated (optional)",,43
"1 cup walnuts, toasted and coarsely chopped",,43
"1 head cauliflower, cut into 1-inch florets",,43
1 medium butternut squash (4 cups chopped*),,43
"1 medium onion, thinly sliced (about 1 cup)",,43
"1 recipe guacamole, for serving, if desired",,43
"1 small bird‚Äôs eye chili, minced optional",,43
1 tablespoon (15ml) fresh juice from 1 lime,,43
1 teaspoon (5g) freshly ground black pepper,,43
"1 teaspoon minced fresh ginger, or to taste",,43
1/2 cinnamon stick or pinch ground cinnamon,,43
1/2 cup unsweetened cocoa powder (optional),,43
"1/2 persian cucumber, cut into a thin wheel",,43
1/2 tablespoon freshly squeezed lemon juice,,43
1/3 cinnamon stick or pinch ground cinnamon,,43
"1/3 persian cucumber, cut into a thin wheel",,43
1/3 tablespoon freshly squeezed lemon juice,,43
1/4 cinnamon stick or pinch ground cinnamon,,43
"1/4 persian cucumber, cut into a thin wheel",,43
1/4 tablespoon freshly squeezed lemon juice,,43
1/8 cinnamon stick or pinch ground cinnamon,,43
"1/8 persian cucumber, cut into a thin wheel",,43
1/8 tablespoon freshly squeezed lemon juice,,43
11 tablespoons high-quality unsalted butter,,43
"12 1/2 medium navel orange, cut into wheels",,43
"12 1/2 ounces (g) all-purpose flour, sifted",,43
"12 1/3 oz pineapple juice, freshly squeezed",,43
"12 2/3 ounces (g) all-purpose flour, sifted",,43
"12 3/4 medium navel orange, cut into wheels",,43
"12 3/4 oz pineapple juice, freshly squeezed",,43
"12 to 16 fresh flour or corn tortillas, hot",,43
"2 oz black peppercorn simple syrup, chilled",,43
2 oz freshly squeezed lime juice (optional),,43
"2 1/2 oz grapefruit juice, freshly squeezed",,43
2 1/2 oz grapefruit simple syrup (optional),,43
"2 1/3 oz sparkling wine, chilled (optional)",,43
"2 1/4 oz grapefruit juice, freshly squeezed",,43
"2 1/4 tsp horseradish sauce, freshly grated",,43
"2 1/8 oz grapefruit juice, freshly squeezed",,43
"2 1/8 tsp horseradish sauce, freshly grated",,43
2 quarts peanut oil or vegetable shortening,,43
2 tablespoons (30ml) extra virgin olive oil,,43
2 tablespoons (30ml) extra-virgin olive oil,,43
2 tablespoons finely sliced scallion greens,,43
2 Tbsp. plus ‚Öì cup extra-virgin olive oil,,43
2 teaspoon sweet bean paste (tian mi jiang),,43
"2 teaspoons lemon juice, plus more to taste",,43
2/3 cinnamon stick or pinch ground cinnamon,,43
"2/3 persian cucumber, cut into a thin wheel",,43
2/3 tablespoon freshly squeezed lemon juice,,43
3 1/2 pounds russet potatoes (about medium),,43
"3 1/3 oz grapefruit juice, freshly squeezed",,43
"3 1/4 oz grapefruit juice, freshly squeezed",,43
3 1/4 pounds russet potatoes (about medium),,43
3 2/3 oz prepared spiced apple simple syrup,,43
"3 large eggs plus one yolk, lightly whisked",,43
3/4 cinnamon stick or pinch ground cinnamon,,43
3/4 oz passionfruit simple syrup (optional),,43
"3/4 persian cucumber, cut into a thin wheel",,43
3/4 tablespoon freshly squeezed lemon juice,,43
"4 1/2 oz grapefruit juice, freshly squeezed",,43
"4 1/2 oz sparkling wine, preferable moscato",,43
4 1/3 cup freshly squeezed grapefruit juice,,43
"4 1/3 oz grapefruit juice, freshly squeezed",,43
4 1/3 pounds russet potatoes (about medium),,43
"4 1/4 cup semisweet chocolate chip, chopped",,43
"4 1/4 medium cucumber, sliced into "" rounds",,43
4 1/8 cup freshly squeezed grapefruit juice,,43
"4 1/8 oz grapefruit juice, freshly squeezed",,43
4 1/8 pounds russet potatoes (about medium),,43
"4 2/3 tsp nutmeg, freshly grated (optional)",,43
"4 3/4 oz grapefruit juice, freshly squeezed",,43
4 3/4 oz prepared spiced apple simple syrup,,43
"5 tablespoons oil, for stir-frying, divided",,43
"5 to 6 ounces baby spinach, roughly chopped",,43
"6 1/3 oz grapefruit juice, freshly squeezed",,43
"6 1/3 oz sparkling wine, preferable moscato",,43
"6 1/4 oz grapefruit juice, freshly squeezed",,43
"6 1/8 oz grapefruit juice, freshly squeezed",,43
"6 1/8 oz sparkling wine, preferable moscato",,43
"6 2/3 oz grapefruit juice, freshly squeezed",,43
6 ounces whole mushrooms or mushroom scraps,,43
For the Garnish (all suggestions optional):,,43
Kosher salt and freshly ground black pepper,,43
Optional: cup cr√®me fra√Æche or sour cream,,43
Optional: 1 recipe one bowl oatmeal cookies,,43
Optional: 1 recipe quick pickled vegetables,,43
Optional: 1 recipe strawberry rhubarb crisp,,43
"Optional: 1/4 cup brewed black tea, chilled",,43
Optional: 2 oz freshly squeezed lemon juice,,43
"Optional: 2 1/2 oz champagne, approximately",,43
"Optional: 2 medium endive, leaves separated",,43
Optional: 3/4 oz orange ginger simple syrup,,43
1 1/2 ounces (45ml) fresh juice from 2 limes,,44
"1 1/8 large sweet potatoes, peeled and cubed",,44
"1 2-inch piece ginger, peeled, finely grated",,44
"1 apple, peeled and cut into 1/4 inch pieces",,44
"1 celery rib, finely chopped (about 1/2 cup)",,44
"1 crown broccoli, cut into bite-sized pieces",,44
1 cup all-purpose flour (4 1/2 ounces; 130g),,44
"1 deep dish pie shell 9"", frozen or homemade",,44
"1 large green chile pepper, seeded and diced",,44
"1 lime wedge, plus 2 lime wheels for garnish",,44
"1 medium onion, finely chopped (about 1 cup)",,44
1 recipe arugula apple and pomegranate salad,,44
1 recipe no knead english muffins (optional),,44
1 recipe roasted filled mushrooms (optional),,44
1 smoked ham hock (about 1 1/4 pounds; 565g),,44
"1 Tbsp. Dijon mustard, plus more for serving",,44
"1 vanilla bean, split and scraped (see note)",,44
1/2 cup finely chopped fresh cilantro leaves,,44
"1/2 lime wedge, plus lime wheels for garnish",,44
1/2 oz prepared coffee-flavored simple syrup,,44
1/2 tablespoons high-quality unsalted butter,,44
1/2 teaspoon adobo sauce from the pepper can,,44
"1/3 lime wedge, plus lime wheels for garnish",,44
1/3 oz prepared coffee-flavored simple syrup,,44
1/3 tablespoons high-quality unsalted butter,,44
1/3 teaspoon adobo sauce from the pepper can,,44
"1/4 lime wedge, plus lime wheels for garnish",,44
1/4 oz prepared coffee-flavored simple syrup,,44
1/4 tablespoons high-quality unsalted butter,,44
1/4 teaspoon adobo sauce from the pepper can,,44
"1/8 lime wedge, plus lime wheels for garnish",,44
1/8 oz prepared coffee-flavored simple syrup,,44
1/8 tablespoons high-quality unsalted butter,,44
"1/8 tbsp butter, room temperature (optional)",,44
1/8 teaspoon adobo sauce from the pepper can,,44
12 1/2 cup freshly squeezed grapefruit juice,,44
"12 1/2 oz sparkling wine, chilled (optional)",,44
12 1/4 cup freshly squeezed grapefruit juice,,44
"12 3/4 medium cucumber, sliced into "" rounds",,44
"12 oz black peppercorn simple syrup, chilled",,44
"2 oz pink grapefruit juice, freshly squeezed",,44
"2 1/2 cup grapefruit juice, freshly squeezed",,44
"2 1/3 cup grapefruit juice, freshly squeezed",,44
"2 1/3 tablespoon coarse salt, for glass rims",,44
"2 1/4 cup grapefruit juice, freshly squeezed",,44
2 cup unsweetened cranberry juice (optional),,44
2 medium eggplants (about 2 ¬º pounds total),,44
"2 oz pink grapefruit juice, freshly squeezed",,44
"2 pound slab of boneless pork belly, skin-on",,44
"2 pounds carrots, peeled and roughly chopped",,44
2 tablespoons (30ml) vegetable or canola oil,,44
2 tablespoons Chinkiang or rice wine vinegar,,44
2 tablespoons freshly grated Parmesan cheese,,44
2 teaspoons (8g) freshly ground black pepper,,44
2 teaspoons finely minced fresh thyme leaves,,44
"2 tsp. toasted sesame seeds, lightly crushed",,44
"2/3 lime wedge, plus lime wheels for garnish",,44
2/3 oz prepared coffee-flavored simple syrup,,44
2/3 pound ground lamb (or 85/15 ground beef),,44
2/3 tablespoons high-quality unsalted butter,,44
2/3 teaspoon adobo sauce from the pepper can,,44
"3 medium lemon, cut into "" wheels (optional)",,44
3 oz freshly squeezed lemon juice (optional),,44
"3 1/2 cup grapefruit juice, freshly squeezed",,44
"3 1/3 cup ginger, peeled and roughly chopped",,44
"3 1/3 cup grapefruit juice, freshly squeezed",,44
3 1/3 oz sweetened condensed milk (optional),,44
"3 1/8 cup grapefruit juice, freshly squeezed",,44
"3 3/4 cup grapefruit juice, freshly squeezed",,44
3 ounces (85g) finely grated Parmesan cheese,,44
"3 ounces parmesan, grated (about 1 1/2 cups)",,44
"3 tablespoons vegetable oil, butter, or ghee",,44
"3/4 lime wedge, plus lime wheels for garnish",,44
3/4 oz prepared coffee-flavored simple syrup,,44
3/4 tablespoons high-quality unsalted butter,,44
3/4 teaspoon adobo sauce from the pepper can,,44
"3/4 to 1 teaspoon red chili flakes, optional",,44
"4 1/2 cup grapefruit juice, freshly squeezed",,44
"4 1/4 tablespoon coarse salt, for glass rims",,44
"4 1/8 cup grapefruit juice, freshly squeezed",,44
"4 2/3 tablespoon coarse salt, for glass rims",,44
"4 cloves garlic, minced (about 1 tablespoon)",,44
4 cups cooked chicken (or use cooked turkey),,44
"4 oil-packed anchovy fillets, finely chopped",,44
"400g pink grapefruit juice, freshly squeezed",,44
"5 stalks asparagus, cut into 1-inch segments",,44
50g freshly squeezed orange juice (optional),,44
"6 oz pink grapefruit juice, freshly squeezed",,44
6 2/3 tbsp extra virgin olive oil (optional),,44
"600g pink grapefruit juice, freshly squeezed",,44
"700g pink grapefruit juice, freshly squeezed",,44
"Chopped herbs or other garnishes, as desired",,44
Kosher salt¬†and freshly ground black pepper,,44
One recipe of Jaew (see related recipe here),,44
Optional: 1 (12 ounce) package fusilli pasta,,44
Optional: 1 recipe patatas bravas with aioli,,44
Optional: 1/3 cup ( grams) fresh cranberries,,44
"Optional: 1/8 minneola orange, finely zested",,44
Optional: 12 1/3 oz sweetened condensed milk,,44
"Optional: 12 1/4 oz pomegranate juice, fresh",,44
Optional: 2 tablespoons Thai red chile paste,,44
"Optional: 2 tbsp dry sparkling wine, chilled",,44
Optional: 3 2/3 cup unsweetened cocoa powder,,44
Suggested garnish: thinly sliced green onion,,44
Sumac and/or za‚Äôatar (optional) (optional),,44
"Ttoasted sesame seeds, for serving, optional",,44
"1 1/8 medium cloves garlic, minced (optional)",,45
"1 medium onion, roughly chopped (about 1 cup)",,45
1 pound broccoli florets (about 1 1/2 quarts),,45
1 recipe chickpea salad with cumin and celery,,45
1 recipe pan roasted quail with italian plums,,45
1 recipe zucchini corn quesadillas (optional),,45
1 tablespoon cornstarch (about 1/4 ounce; 7g),,45
1 tablespoon extra-finely ground coffee beans,,45
1 tablespoon finely chopped flat-leaf parsley,,45
1 tablespoon plus 1 teaspoon active dry yeast,,45
"1 teaspoon coarse or kosher salt, or to taste",,45
"1 teaspoon red wine vinegar, or more to taste",,45
"1/2 cup (120ml) lime juice, from 6 to 8 limes",,45
"1/2 oz black peppercorn simple syrup, chilled",,45
1/2 tablespoon plus teaspoon active dry yeast,,45
"1/3 cup loosely packed fresh parsley, chopped",,45
"1/3 oz black peppercorn simple syrup, chilled",,45
1/3 tablespoon plus teaspoon active dry yeast,,45
1/4 cup shaoxing wine or dry sherry (divided),,45
"1/4 oz black peppercorn simple syrup, chilled",,45
1/4 tablespoon plus teaspoon active dry yeast,,45
"1/8 oz black peppercorn simple syrup, chilled",,45
1/8 tablespoon plus teaspoon active dry yeast,,45
"12 oz pink grapefruit juice, freshly squeezed",,45
"1350g pink grapefruit juice, freshly squeezed",,45
"1450g pink grapefruit juice, freshly squeezed",,45
2 oz freshly squeezed orange juice (optional),,45
"2 cloves garlic, pressed or minced (optional)",,45
"2 garlic cloves, peeled and minced or pressed",,45
"2 medium onions, thinly sliced (about 2 cups)",,45
2 pounds chicken wings (about 12 whole wings),,45
2 tablespoons (4g) chopped fresh thyme leaves,,45
2 tablespoons liquid aminos (such as Bragg¬Æ),,45
2 tablespoons of oil used to roast the garlic,,45
2 tablespoons tamarind concentrate (see note),,45
2 teaspoons Franks Red Hot or other hot sauce,,45
"2/3 oz black peppercorn simple syrup, chilled",,45
2/3 tablespoon plus teaspoon active dry yeast,,45
"250ml pink grapefruit juice, freshly squeezed",,45
"3 1/3 persian cucumber, cut into a thin wheel",,45
"3 3/4 persian cucumber, cut into a thin wheel",,45
3 3/4 tablespoon freshly squeezed lemon juice,,45
3 garlic cloves grated on a microplane grater,,45
"3/4 oz black peppercorn simple syrup, chilled",,45
"3/4 oz dry sparkling wine, chilled (optional)",,45
3/4 tablespoon plus teaspoon active dry yeast,,45
"300g lemon juice, freshly squeezed (optional)",,45
"32 to 48 corn tortillas, heated and kept warm",,45
"350 g pink grapefruit juice, freshly squeezed",,45
4 1/2 cinnamon stick or pinch ground cinnamon,,45
"4 1/2 ounces (128g) all-purpose flour, sifted",,45
"4 1/3 persian cucumber, cut into a thin wheel",,45
4 1/3 tablespoon freshly squeezed lemon juice,,45
4 1/4 cinnamon stick or pinch ground cinnamon,,45
4 1/4 tablespoon freshly squeezed lemon juice,,45
"4 3/4 persian cucumber, cut into a thin wheel",,45
4 ounces goat cheese (about ‚Öî cup crumbled),,45
"4 tablespoons extra-virgin olive oil, divided",,45
"500ml pink grapefruit juice, freshly squeezed",,45
"550g lemon juice, freshly squeezed (optional)",,45
"6 tablespoons cold water, plus more as needed",,45
6 tablespoons unsalted butter (3 ounces; 85g),,45
"650 g pink grapefruit juice, freshly squeezed",,45
"700 g pink grapefruit juice, freshly squeezed",,45
700g freshly squeezed orange juice (optional),,45
"850ml pink grapefruit juice, freshly squeezed",,45
"950 g pink grapefruit juice, freshly squeezed",,45
"Additional ground sumac or paprika, to finish",,45
Celery leaves or parsley leaves (for serving),,45
"in medium pineapple, peeled, cored, and cubed",,45
"Optional: 2/3 oz orange juice, fresh squeezed",,45
"Optional: 4 1/3 oz lime juice, fresh squeezed",,45
Optional: 4 2/3 oz orange ginger simple syrup,,45
"Sour cream, melted butter or vinegar to serve",,45
Toasted sesame seeds or za‚Äôatar for garnish,,45
"1 (2-inch) piece of kombu (optional, see note)",,46
"1 (8 ounce) package carrots, peeled and grated",,46
"1 1/3 lime wedge, plus lime wheels for garnish",,46
1 1/4 cups matzo meal (more or less as needed),,46
"1 2/3 lime wedge, plus lime wheels for garnish",,46
1 2/3 oz prepared coffee-flavored simple syrup,,46
1 3/4 oz prepared coffee-flavored simple syrup,,46
"1 baguette, cut in half then halved lengthwise",,46
1 cup basic salsa verde or your favorite salsa,,46
"1 medium white or yellow onion, finely chopped",,46
"1 medium-to-large yellow onion, finely chopped",,46
1 recipe carrot slaw with cranberries and nuts,,46
1 recipe kale salad with currants and parmesan,,46
1 recipe malted barley dark rye sandwich bread,,46
1 recipe roasted mushroom and watercress salad,,46
1 recipe simple sauteed green beans (optional),,46
"1 stalk lemongrass, trimmed and finely chopped",,46
"1 tablespoon extra virgin olive oil, as needed",,46
1/2 oz freshly squeezed lemon juice (optional),,46
"1/2 oz pink grapefruit juice, freshly squeezed",,46
"1/2 pound pork shoulder, cut into 1-inch cubes",,46
"1/3 oz pink grapefruit juice, fresh (optional)",,46
"1/3 oz pink grapefruit juice, freshly squeezed",,46
"1/3 tsp creme de violette, optional (optional)",,46
"1/4 medium lemon, cut into "" wheels (optional)",,46
"1/4 oz pink grapefruit juice, freshly squeezed",,46
"1/8 oz pink grapefruit juice, freshly squeezed",,46
10 small tomatoes cut into quarters to garnish,,46
"1200ml pink grapefruit juice, freshly squeezed",,46
"1350 g pink grapefruit juice, freshly squeezed",,46
"1450ml pink grapefruit juice, freshly squeezed",,46
"2 (14.5 ounce) cans stewed tomatoes, undrained",,46
2 3/4 oz mint-flavored simple syrup (optional),,46
"2 cloves garlic, grated on a microplane grater",,46
"2 medium onions, chopped medium (about 2 cups)",,46
2 tablespoons lime juice (about 1 medium lime),,46
2 Tbsp. white wine vinegar or red wine vinegar,,46
"2 whole ancho chilies, seeds and stems removed",,46
"2/3 oz pink grapefruit juice, freshly squeezed",,46
"200 ml pink grapefruit juice, freshly squeezed",,46
"3 tablespoons vegetable or canola oil, divided",,46
"3/4 oz pink grapefruit juice, freshly squeezed",,46
300 g freshly squeezed orange juice (optional),,46
4 1/2 teaspoon adobo sauce from the pepper can,,46
"4 1/3 oz lime juice, fresh squeezed (optional)",,46
4 1/3 tablespoons high-quality unsalted butter,,46
"4 1/4 oz lime juice, fresh squeezed (optional)",,46
4 3/4 tablespoons high-quality unsalted butter,,46
"4 cloves garlic, grated on a microplane grater",,46
"4 tablespoons vegetable, peanut, or canola oil",,46
"4-6 heads baby bok choy, root ends trimmed off",,46
400 g freshly squeezed orange juice (optional),,46
"400ml lemon juice, freshly squeezed (optional)",,46
"450 g lemon juice, freshly squeezed (optional)",,46
"5¬†to¬†6¬†ounces baby spinach, roughly chopped",,46
"500 ml pink grapefruit juice, freshly squeezed",,46
500ml freshly squeezed orange juice (optional),,46
550ml freshly squeezed orange juice (optional),,46
"6 1/2 lime wedge, plus lime wheels for garnish",,46
"6 1/4 lime wedge, plus lime wheels for garnish",,46
"700 ml pink grapefruit juice, freshly squeezed",,46
"8 medium shallots, unpeeled, halved lengthwise",,46
"900 ml pink grapefruit juice, freshly squeezed",,46
"About 1 tablespoon mint leaves, finely chopped",,46
"Jalape√±o or Poblano peppers, diced and seeded",,46
"Optional: 1 1/3 oz lemon juice, fresh squeezed",,46
Optional: 1 3/4 oz freshly squeezed lime juice,,46
"Optional: 1 tbsp lemon juice, freshly squeezed",,46
Optional: 1 to 2 teaspoons butter ‚Äì optional,,46
Optional: 1/3 cup (g) water or milk (see note),,46
Optional: 1/3 oz unsweetened pomegranate juice,,46
"Optional: 1/4 oz lemon juice, freshly squeezed",,46
"Optional: 3/4 oz sweet sparkling wine, chilled",,46
Suggested garnish: Grated sharp cheddar cheese,,46
1 (16-ounce) bag dried small red or black beans,,47
"1 chipotle chile pepper in adobo sauce, chopped",,47
"1 in medium pineapple, peeled, cored, and cubed",,47
"1 inch piece ginger, peeled and roughly chopped",,47
"1 large section lotus root, about 5 to 7 ounces",,47
"1 medium carrot, finely chopped (about 3/4 cup)",,47
"1 medium yellow onion, peeled and split in half",,47
"1 pound chicken breast (about 2 breasts), cubed",,47
1 recipe angel hair pasta with raw tomato sauce,,47
1 recipe brussels sprouts with bacon and cheese,,47
1 recipe cantaloupe salad with olives and onion,,47
1 recipe mexican chocolate ice cream (optional),,47
"1 recipe Pico de Gallo, for serving, if desired",,47
1 recipe spaghetti with cheese and black pepper,,47
"1 red bell pepper, sliced into very thin strips",,47
1/3 oz freshly squeezed orange juice (optional),,47
1/4 cup water mixed with 2 teaspoons cornstarch,,47
"12 cloves garlic, grated on a microplane grater",,47
"1200 ml pink grapefruit juice, freshly squeezed",,47
"1400ml lemon juice, freshly squeezed (optional)",,47
"1450 ml pink grapefruit juice, freshly squeezed",,47
"1500 g lemon juice, freshly squeezed (optional)",,47
"2 (14-ounce) cans chickpeas, drained and rinsed",,47
"2 1/4 cup seedless watermelon, cubed (optional)",,47
2 1/4 oz unsweetened cranberry juice (optional),,47
"2 2/3 oz black peppercorn simple syrup, chilled",,47
2 tablespoons to 1/4 cup sugar (or brown sugar),,47
"20 sugar snap peas or snow peas, string removed",,47
"3 chipotle chile pepper in adobo sauce, chopped",,47
"3 1/2 oz black peppercorn simple syrup, chilled",,47
"3 2/3 oz dry sparkling wine, chilled (optional)",,47
"3 3/4 oz black peppercorn simple syrup, chilled",,47
"3 inch knob ginger, minced, about 2 tablespoons",,47
3 tablespoons soy sauce or Worcestershire sauce,,47
"3/4 cup fresh juice from 4 to 6 lemons, divided",,47
3/4 tablespoons chopped fresh chives (optional),,47
4 tablespoons ( grams) mascarpone or sour cream,,47
4 1/4 tablespoon plus teaspoon active dry yeast,,47
4 2/3 tablespoon plus teaspoon active dry yeast,,47
"4 clove medium garlic, thinly sliced (optional)",,47
6 1/2 tablespoon plus teaspoon active dry yeast,,47
6 3/4 oz freshly squeezed lime juice (optional),,47
6 3/4 tablespoon plus teaspoon active dry yeast,,47
"600 ml lemon juice, freshly squeezed (optional)",,47
850 ml freshly squeezed orange juice (optional),,47
"900 ml lemon juice, freshly squeezed (optional)",,47
Berry Syrup we used Smucker's Boysenberry syrup,,47
"Coarse sea salt, such as Maldon or fleur de sel",,47
"Optional: 1 1/4 oz lime juice, freshly squeezed",,47
Optional: 1/3 smoked ham hock (about pounds; g),,47
"Optional: 1/3 tsp lemon juice, freshly squeezed",,47
"Optional: 1/4 tsp cardamom pod, lightly crushed",,47
"Optional: 1/8 oz orange juice, freshly squeezed",,47
"Optional: 1/8 tbsp lime juice, freshly squeezed",,47
Optional: 2 1/2 oz freshly squeezed lemon juice,,47
Optional: 2 1/3 oz freshly squeezed lemon juice,,47
Optional: 3/4 cup shredded sharp cheddar cheese,,47
Optional: 6 1/2 oz freshly squeezed lemon juice,,47
"Optional: 6 1/4 medium lemon, cut into "" wheels",,47
Optional: 6 3/4 cup unsweetened cranberry juice,,47
"Salsa, sour cream, and/or guacamole for serving",,47
Suggested garnish: a tiny pinch of chili powder,,47
1 ¬Ω pounds sweet potatoes (2 medium or 3 small),,48
1 1/2 cups (packed) light brown sugar (optional),,48
"1 cup (2 sticks) salted butter, room temperature",,48
1 cup (packed) cilantro leaves with tender stems,,48
"1 large onion, finely chopped (about 1 1/2 cups)",,48
"1 medium clove garlic, minced (about 1 teaspoon)",,48
"1 medium white onion, finely diced (about 1 cup)",,48
"1 piece of konbu, about 4 by 3 inches (see note)",,48
"1 pound boneless chicken breasts, cut into cubes",,48
1 pound frozen peeled and deveined medium shrimp,,48
"1 tablespoon fresh thyme leaves, roughly chopped",,48
"1/2 cup cardamom pod, lightly crushed (optional)",,48
"1/2 cup of palm vinegar, or 1/3 cup rice vinegar",,48
"1/4 cup (60ml) cider vinegar, plus more to taste",,48
1100 ml freshly squeezed orange juice (optional),,48
"2 1/4 oz pink grapefruit juice, freshly squeezed",,48
"2 medium shallots, finely sliced (about 1/2 cup)",,48
"2 medium yellow onions, halved and thinly sliced",,48
"2 stalks celery, cut into sections on a diagonal",,48
"2 tablespoons unsalted butter, cut into 4 pieces",,48
"2 teaspoons curry powder, or to taste (optional)",,48
2 to 3 quarts (64 to 96 oz / 181 to 272 g) water,,48
3 ounces grated Parmigiano-Reggiano (1 cup; 85g),,48
"3 tablespoons chopped flat-leaf parsley, divided",,48
"3 to 4 limes, cut into 8 wedges each for serving",,48
3-5 tablespoons lemon juice (depending on taste),,48
3/4 cup cr√®me fra√Æche or sour cream (optional),,48
"4 1/2 oz pink grapefruit juice, freshly squeezed",,48
"4 1/8 oz pink grapefruit juice, freshly squeezed",,48
"4 2/3 oz pink grapefruit juice, freshly squeezed",,48
"4 oz. country-style bread, torn into 1¬Ω"" pieces",,48
"6 tablespoon fresh thyme leaves, roughly chopped",,48
"6 1/2 oz pink grapefruit juice, freshly squeezed",,48
8 tablespoons (1 stick) salted butter (optional),,48
Add 2 bar spoons simple syrup to cocktail glass.,,48
Freshly ground black pepper or red pepper flakes,,48
"Juice of 1 lemon, plus more to taste, if desired",,48
"Optional: 1 1/4 oz ginger beer, room temperature",,48
"Optional: 1 cup fresh pineapple, cut into chunks",,48
Optional: 1/2 fluid ounces ( cups) half-and-half,,48
"Optional: 1/3 bottle dry sparkling wine, chilled",,48
"Optional: 12 2/3 tsp creme de violette, optional",,48
Optional: 2 1/4 oz freshly squeezed orange juice,,48
"Optional: 3 2/3 oz lemon juice, freshly squeezed",,48
Small handful torn fresh basil leaves (optional),,48
"1 (1 1/2-inch) stick cinnamon, broken into pieces",,49
"1 1/2 tsp. freshly ground black pepper, plus more",,49
1 1/3 cup (g) water or milk (see note) (optional),,49
"1 3/4 oz lemon juice, freshly squeezed (optional)",,49
"1 bundle scallions, to be used here and to finish",,49
"1 can (1 ¬Ω cups) pinto beans, rinsed and drained",,49
"1 medium jalapeno pepper, diced, or more to taste",,49
"1 pound flank steak, roughly 6 to 7 inches square",,49
1 recipe spring vegetable salad with greek yogurt,,49
1 recipe warm kale and caramelized mushroom salad,,49
"1 white or yellow onion, cut into 1/2-inch slices",,49
"1 whole chicken, 3 1/2 to 4 pounds (1.6 to 1.8kg)",,49
"1/2 chipotle chile pepper in adobo sauce, chopped",,49
"1/2 cup finely sliced scallions, green parts only",,49
1/2 cup shaved or finely shredded parmesan cheese,,49
"1/2 in medium pineapple, peeled, cored, and cubed",,49
1/2 tablespoons ( grams) mascarpone or sour cream,,49
1/2 teaspoon cayenne pepper more or less to taste,,49
"1/2 teaspoon freshly ground black pepper, divided",,49
"1/3 chipotle chile pepper in adobo sauce, chopped",,49
"1/3 in medium pineapple, peeled, cored, and cubed",,49
1/3 tablespoons ( grams) mascarpone or sour cream,,49
"1/4 chipotle chile pepper in adobo sauce, chopped",,49
"1/4 in medium pineapple, peeled, cored, and cubed",,49
1/4 tablespoons ( grams) mascarpone or sour cream,,49
"1/8 chipotle chile pepper in adobo sauce, chopped",,49
"1/8 in medium pineapple, peeled, cored, and cubed",,49
1/8 tablespoons ( grams) mascarpone or sour cream,,49
"12 1/2 oz pink grapefruit juice, freshly squeezed",,49
"12 small scallions, trimmed to 6-inches in length",,49
"2 (14-oz.) cans young jackfruit in brine, drained",,49
"2 2/3 oz lemon juice, freshly squeezed (optional)",,49
"2 burdock roots, approximately one foot in length",,49
"2 cloves of garlic, grated on a microplane grater",,49
"2 large tomatillos, husked, rinsed, and quartered",,49
2 tablespoons Chinkiang vinegar (or rice vinegar),,49
2 tablespoons red wine vinegar or coconut vinegar,,49
2-3 tablespoons fresh minced garlic (or to taste),,49
2-4 tablespoons everything bagel spice (optional),,49
"2/3 chipotle chile pepper in adobo sauce, chopped",,49
"2/3 in medium pineapple, peeled, cored, and cubed",,49
2/3 tablespoons ( grams) mascarpone or sour cream,,49
"3 scallions, whites only, thinly sliced on a bias",,49
3 tablespoons (45 grams) mascarpone or sour cream,,49
"3/4 chipotle chile pepper in adobo sauce, chopped",,49
"3/4 in medium pineapple, peeled, cored, and cubed",,49
3/4 tablespoons ( grams) mascarpone or sour cream,,49
4 cup ( grams) plus cup ( grams) granulated sugar,,49
4 whole dried woodear mushrooms (about 1/6 ounce),,49
5 tablespoons cornstarch mixed with 1/4 cup water,,49
"6 1/2 cup lime juice, freshly squeezed (optional)",,49
"8 fingerling potatoes, sliced into 1/4-inch coins",,49
"A few tablespoons of oil or lard, for stir-frying",,49
cup ( grams) molasses or treacle [updated weight],,49
Optional: ¬Ω teaspoon freshly ground black pepper,,49
"Optional: 1 1/3 tsp cardamom pod, lightly crushed",,49
Optional: 1 recipe pasta with roasted cauliflower,,49
"Optional: 1 tablespoon grated ginger, or to taste",,49
"Optional: 1/2 oz grapefruit juice, fresh squeezed",,49
"Optional: 2/3 oz key lime juice, freshly squeezed",,49
"Optional: 4 medium cucumber, sliced into "" rounds",,49
"Optional: 4 1/2 tbsp lime juice, freshly squeezed",,49
"To serve: jasmine rice, basmati rice or jade rice",,49
1 1/2 cups dry red wine (white works fine as well),,50
"1 cinnamon stick, broken into three or four pieces",,50
"1 long green hot pepper, finely sliced on the bias",,50
"1 small yellow onion, thinly sliced into crescents",,50
1 whole wheat tortilla (or whole wheat pita bread),,50
1/2 cup dry orzo pasta (use gluten free if needed),,50
1/2 cup minced basil or parsley (or a mix of both),,50
"1/2 cup small dried anchovies (optional, see note)",,50
"1/2 tablespoon fresh thyme leaves, roughly chopped",,50
"1/3 cup plus 6 teaspoons granulated sugar, divided",,50
"1/3 cup tangerine juice, fresh squeezed (optional)",,50
"1/3 tablespoon fresh thyme leaves, roughly chopped",,50
1/4 cup minced basil or parsley (or a mix of both),,50
"1/4 tablespoon fresh thyme leaves, roughly chopped",,50
"1/8 tablespoon fresh thyme leaves, roughly chopped",,50
"2 (10 ounce) cans cream of chicken soup, undiluted",,50
2 (6-inch) sprigs fresh basil with leaves attached,,50
2 cups very fermented kimchi with juice (see note),,50
"2 large or 3 medium carrots, chopped (about 1 cup)",,50
"2 medium cloves garlic, minced (about 2 teaspoons)",,50
"2 pounds russet potatoes, peeled and roughly diced",,50
2 tablespoons sugar (preferably yellow rock sugar),,50
"2 to 3 sprigs of thyme, leaves still on (optional)",,50
"2‚Äâ¬Ω teaspoons salt, divided, plus more to taste",,50
"2/3 tablespoon fresh thyme leaves, roughly chopped",,50
3 1/2 tablespoons Jamaican curry powder (see note),,50
"3 1/2 to 4 cups bread flour, plus more for rolling",,50
"3 1/4 oz orange juice, freshly squeezed (optional)",,50
"3 3/4 oz orange juice, freshly squeezed (optional)",,50
3 large cloves minced garlic (about 3 tablespoons),,50
"3 tablespoons olive oil, divided, or more to taste",,50
"3/4 tablespoon fresh thyme leaves, roughly chopped",,50
3¬†1/2 cups (16 oz / 454 g) unbleached bread flour,,50
"4 medium garlic cloves, minced (about 4 teaspoons)",,50
"4 ounces chicken livers, finely chopped (optional)",,50
"4 sweet potatoes, peeled and cut into 1-inch cubes",,50
"6 tablespoons cold butter, cut into 1/4-inch cubes",,50
"8 ounces Baby Bella mushrooms, cleaned and chopped",,50
"8 tablespoons unsalted butter, at room temperature",,50
A handful shredded red cabbage to serve (optional),,50
Optional: 1 1/4 pound delicata squash (one medium),,50
"Optional: 1 1/8 clove medium garlic, thinly sliced",,50
"Optional: 1/3 ounces (g) all-purpose flour, sifted",,50
"1 1/2 teaspoons (4g) powdered gelatin, such as Knox",,51
1 1/4 tablespoons ( grams) mascarpone or sour cream,,51
"1 1/8 in medium pineapple, peeled, cored, and cubed",,51
1 2/3 tablespoons ( grams) mascarpone or sour cream,,51
"1 3/4 in medium pineapple, peeled, cored, and cubed",,51
"1 four-inch-square piece kombu (sea kelp, see note)",,51
"1 large yellow onion, diced fine (about 1 1/2 cups)",,51
Optional: 1 recipe cajun shrimp and sausage skillet,0 1 3 3 3 3 3,51
Optional: 1/8 oz prepared spiced apple simple syrup,0 1 3 3 3 3 3,51
"Optional: 12 2/3 -oz grapefruit hefeweizen, chilled",0 0 1 3 3 4,51
"Optional: For an extra kick, add red pepper flakes.",,51
"Steamed rice, black beans, and maduros, for serving",,51
1 2/3 cups unsifted powdered sugar (about 5 ounces),,51
"1 1/2 tablespoon fresh thyme leaves, roughly chopped",,52
"1 1/8 tablespoon fresh thyme leaves, roughly chopped",,52
"1 cup brown or green lentils, washed and picked over",,52
1 cup freshly picked cilantro leaves and small stems,,52
"1 pound (455 grams) ground lamb, at room temperature",,52
"1 pound littleneck clams, soaked in water for 1 hour",,52
1 recipe vegan curry butternut squash soup with kale,,52
"1/2 cup cold vegetable shortening, cut into 4 pieces",,52
1/2 oz prepared spiced apple simple syrup (optional),,52
"1/2 package of dried beancurd sticks, about 5 ounces",,52
"1/2 pound medium tail-on shrimp, peeled and deveined",,52
"1/2 tablespoons unsalted butter, at room temperature",,52
1/2 teaspoon cornstarch mixed with 2 teaspoons water,,52
"1/3 cup semisweet chocolate chip, chopped (optional)",,52
"1/3 tablespoons unsalted butter, at room temperature",,52
1/4 cup (10g) chopped fresh flat-leaf parsley leaves,,52
"1/4 miso paste (white, red, brown, or a combination)",,52
"1/4 ounce dried morel or porcini mushrooms, or a mix",,52
"1/4 tablespoons unsalted butter, at room temperature",,52
"1/8 tablespoons unsalted butter, at room temperature",,52
"1/8 tsp horseradish sauce, freshly grated (optional)",,52
"10 medium cloves garlic, minced (about 10 teaspoons)",,52
"100 g simple syrup, made with honey instead of sugar",,52
"1250g simple syrup, made with honey instead of sugar",,52
"150ml simple syrup, made with honey instead of sugar",,52
2 1/2 pounds flank steak (about 1 whole flank steak),,52
"2 cups (250 g) all-purpose flour, divided (optional)",,52
"2 pounds oxtail, cut into 1/2 to 1-inch thick slices",,52
2 teaspoons ground sumac or paprika (see Note above),,52
2 teaspoons red chile flakes (more or less to taste),,52
"2/3 tablespoons unsalted butter, at room temperature",,52
"2/3 tsp horseradish sauce, freshly grated (optional)",,52
"3 3/4 cup tangerine juice, fresh squeezed (optional)",,52
"3 medium cloves garlic, minced (about 1 tablespoons)",,52
"3 tablespoons Chinese fermented black beans, smashed",,52
3/4 cup freshly squeezed grapefruit juice (optional),,52
"3/4 tablespoons unsalted butter, at room temperature",,52
"4 cups canned green chilies, drained (can use more!)",,52
"4 large Yukon Gold potatoes, cut into 1/2-inch discs",,52
"4 whole dried ancho chilies, seeds and stems removed",,52
"5 tablespoons niter kibbeh, or plain unsalted butter",,52
"550 g simple syrup, made with honey instead of sugar",,52
"6 1/3 tablespoon fresh thyme leaves, roughly chopped",,52
"6 cloves garlic, minced, or more to taste (optional)",,52
"6 medium cloves garlic, minced (about 2 tablespoons)",,52
"One 17.3-ounce box frozen puff pastry sheets, thawed",,52
Optional: 1 recipe bacon and egg breakfast casserole,,52
"Small handful picked rosemary leaves, finely chopped",,52
1 recipe grilled bean and red pepper salad (optional),,53
1 recipe roasted beets with balsamic glaze (optional),,53
"1 scotch bonnet or habanero pepper, minced (see note)",,53
1 teaspoon lemon zest plus the juice of 1 large lemon,,53
"1 whole chicken, 3 to 4 pounds, trimmed of excess fat",,53
1/2 cup ( grams) molasses or treacle [updated weight],,53
"1/2 cup grated Pecorino-Romano, plus more for serving",,53
"1/2 oz simple syrup, made with honey instead of sugar",,53
1/3 cup ( grams) molasses or treacle [updated weight],,53
"1/3 oz simple syrup, made with honey instead of sugar",,53
1/4 cup ( grams) molasses or treacle [updated weight],,53
"1/4 oz simple syrup, made with honey instead of sugar",,53
1/8 cup ( grams) molasses or treacle [updated weight],,53
"1/8 cup ginger, peeled and roughly chopped (optional)",,53
"1/8 oz simple syrup, made with honey instead of sugar",,53
"1300ml simple syrup, made with honey instead of sugar",,53
"150 ml simple syrup, made with honey instead of sugar",,53
"2 bitter melons, preferable yellow or whiter in color",,53
"2 ounces (60g) feta or Cotija cheese, finely crumbled",,53
"2 small shallots, finely minced (about 2 tablespoons)",,53
2 tablespoons grated cotija cheese or Parmesan cheese,,53
"2 tablespoons Sichuan peppercorns, divided (see note)",,53
"2 tablespoons well-chopped flat-leaf parsley, divided",,53
"2-inch piece fresh ginger, peeled and finely shredded",,53
2/3 cup ( grams) molasses or treacle [updated weight],,53
"2/3 oz simple syrup, made with honey instead of sugar",,53
3 1/4 cup ( grams) plus cup ( grams) granulated sugar,,53
3 1/8 cup ( grams) plus cup ( grams) granulated sugar,,53
"3 whole jalape√±o chilies, roughly chopped (see note)",,53
3/4 cup ( grams) molasses or treacle [updated weight],,53
"3/4 oz simple syrup, made with honey instead of sugar",,53
4 1/3 cup ( grams) plus cup ( grams) granulated sugar,,53
"4 cloves garlic, peeled and cut into several segments",,53
6 ounces (g) finely grated Parmigiano-Reggiano cheese,,53
"6 scallions, whites separated, greens roughly chopped",,53
8 ounces soba noodles or spaghetti noodles of choice*,,53
"Optional: 4 1/8 oz grapefruit juice, freshly squeezed",,53
Optional: 4 3/4 oz prepared spiced apple simple syrup,,53
"whole bone-in, skin-on pork shoulder, to pounds total",,53
1 (28-ounce) can whole peeled tomatoes packed in juice,,54
"1 (28-ounce) can whole peeled tomatoes, roughly mashed",,54
1 1/2 tablespoon minced garlic (about 4 medium cloves),,54
1 batch Cilantro Hemp Pesto (double if you love sauce),,54
"1 inch ginger ‚Äì julienned, reserve a few for garnish",,54
"1 jalape√±o pepper, seeded and stemmed, finely chopped",,54
"1 or 2 green chili ‚Äì slit, reserve a few for garnish",,54
"1 pound (450g) bone-in chicken, cut into medium pieces",,54
1 tablespoon fresh lemon juice (about ¬Ω medium lemon),,54
"1 whole chile negro, seeds and stem removed (see note)",,54
1/2 ounces (g) finely grated Gruy√®re or Comt√© cheese,,54
1/2 ounces (ml) high-quality blanco tequila (see note),,54
1/2 pound thinly sliced pork belly or bacon (optional),,54
1/3 ounces (g) finely grated Gruy√®re or Comt√© cheese,,54
1/3 ounces (ml) high-quality blanco tequila (see note),,54
1/4 ounces (g) finely grated Gruy√®re or Comt√© cheese,,54
1/4 ounces (ml) high-quality blanco tequila (see note),,54
1/8 ounces (g) finely grated Gruy√®re or Comt√© cheese,,54
1/8 ounces (ml) high-quality blanco tequila (see note),,54
"12 1/3 tablespoons (g) plain or toasted sugar, divided",,54
"12 1/4 tablespoons (g) plain or toasted sugar, divided",,54
"12 frozen pre-cooked breakfast sausage patties, thawed",,54
"1400 ml simple syrup, made with honey instead of sugar",,54
"2 oz black peppercorn simple syrup, chilled (optional)",,54
2 pounds boneless blade-end loin or sirloin pork roast,,54
"2 pounds boneless skinless pork shoulder, in one chunk",,54
2 tablespoons sriracha or other chili sauce (see note),,54
2/3 ounces (g) finely grated Gruy√®re or Comt√© cheese,,54
2/3 ounces (ml) high-quality blanco tequila (see note),,54
"3 1/3 oz grapefruit juice, freshly squeezed (optional)",,54
"3 medium shallots, finely minced (about 3/4 cup; 120g)",,54
3 ounces (85g) finely grated Gruy√®re or Comt√© cheese,,54
"3 oz smoked brewed black tea, such as lapsang souchong",,54
"3 tablespoons clarified butter, goose fat, or duck fat",,54
3/4 ounces (g) finely grated Gruy√®re or Comt√© cheese,,54
3/4 ounces (ml) high-quality blanco tequila (see note),,54
"4 whole dried pasilla chilies, seeds and stems removed",,54
"500g smoked brewed black tea, such as lapsang souchong",,54
"6 1/2 tablespoons unsalted butter, at room temperature",,54
"6 3/4 tablespoons unsalted butter, at room temperature",,54
"8 ounces (2 cups) grated part-skim mozzarella, divided",,54
"Crumbled feta, lime wedges, and cilantro (for serving)",,54
Optional: 1 1/2 ounces (45ml) fresh juice from 2 limes,,54
"Optional: 1 deep dish pie shell 9"", frozen or homemade",,54
Optional: 1/4 tablespoons high-quality unsalted butter,,54
"Optional: 2/3 lime wedge, plus lime wheels for garnish",,54
Optional: 2/3 teaspoon adobo sauce from the pepper can,,54
"Zest and juice from 1 medium lemon, preferably organic",,54
1 1/3 cup ( grams) molasses or treacle [updated weight],,55
1 cup homemade or store-bought low sodium chicken stock,,55
1 envelope (2 ¬º teaspoons) rapid-rise or instant yeast,,55
"1 jalapeno pepper, seeded and finely chopped (optional)",,55
"1 medium clove garlic, finely minced (about 1 teaspoon)",,55
"1 oz simple syrup, preferably made with turbinado sugar",,55
1 recipe Sweet Soy Sauce or Sweet and Spicy Chili Sauce,,55
"1 scallion, white part only, cut lengthwise into strips",,55
"1 small sweet potato (garnet yam), cut into small cubes",,55
"1 tablespoon dijon, spicy brown, or hot English mustard",,55
1 tablespoon fresh ginger grated on a microplane grater,,55
1/2 cup fried fresh peanuts or roasted unsalted peanuts,,55
"1/2 cup picked cilantro leaves, finely chopped, divided",,55
1/2 ounces (g) finely grated Parmigiano-Reggiano cheese,,55
1/2 pound broccoli crowns (cut into bite-sized florets),,55
1/3 ounces (g) finely grated Parmigiano-Reggiano cheese,,55
1/4 cup (60ml) fresh juice from 3 to 4 limes (see note),,55
1/4 cup finely chopped cilantro leaves and tender stems,,55
1/4 ounces (g) finely grated Parmigiano-Reggiano cheese,,55
1/4 oz prepared coffee-flavored simple syrup (optional),,55
1/8 ounces (g) finely grated Parmigiano-Reggiano cheese,,55
"100g simple syrup, preferably made with turbinado sugar",,55
12 1/2 cup freshly squeezed grapefruit juice (optional),,55
"12 1/8 tablespoons unsalted butter, at room temperature",,55
"1450g smoked brewed black tea, such as lapsang souchong",,55
15 ounces (or 1 pound) ricotta cheese or cottage cheese,,55
2 1/2 cups (12 1/2 ounces) unbleached all-purpose flour,,55
"2 1/2 cups Pecorino cheese (or Parmesan, finely grated)",,55
"2 1/2 oz simple syrup, made with honey instead of sugar",,55
"2 1/8 oz simple syrup, made with honey instead of sugar",,55
2 ounces (60g) finely grated Parmigiano-Reggiano cheese,,55
"2 pounds russet potatoes, cut into 1- to 3/4-inch cubes",,55
2/3 ounces (g) finely grated Parmigiano-Reggiano cheese,,55
275g water (9.5 ounces; about 1 cup plus 3 tablespoons),,55
"3 tablespoons of calamansi juice, or regular lime juice",,55
"3 tablespoons olive oil, possibly plus another spoonful",,55
3/4 ounces (g) finely grated Parmigiano-Reggiano cheese,,55
"4 1/2 oz simple syrup, made with honey instead of sugar",,55
"4 1/4 oz simple syrup, made with honey instead of sugar",,55
"4 oil-packed anchovy fillets, finely chopped (optional)",,55
4 ounces (120ml) high-quality blanco tequila (see note),,55
"400g simple syrup, preferably made with turbinado sugar",,55
"5 cloves garlic, pressed or minced (about 1 tablespoon)",,55
"550ml smoked brewed black tea, such as lapsang souchong",,55
"6 oz. semisweet chocolate (at least 60% cacao), chopped",,55
"6 scallions, whites only, finely sliced (about 1/2 cup)",,55
"750ml smoked brewed black tea, such as lapsang souchong",,55
"Optional: 3 3/4 persian cucumber, cut into a thin wheel",,55
Optional: 4 1/3 tablespoon freshly squeezed lemon juice,,55
"Small bunch scallions, whites finely sliced on the bias",,55
Two 3- by 1-inch strips orange zest from 1 large orange,,55
1 1/4 ounces (g) finely grated Gruy√®re or Comt√© cheese,,56
1 1/4 ounces (ml) high-quality blanco tequila (see note),,56
1 1/8 ounces (g) finely grated Gruy√®re or Comt√© cheese,,56
1 3/4 ounces (ml) high-quality blanco tequila (see note),,56
"1 pound lamb, beef, or pork fat, cut into 3/4-inch cubes",,56
1 recipe brussels sprout salad with nuts and goat cheese,,56
1 tablespoon finely chopped flat-leaf parsley (optional),,56
"1-2 jalapeno or serrano chiles, cut crosswise into rings",,56
1/2 cup (150 grams) molasses or treacle [updated weight],,56
"1/2 cup fresh pineapple chunks or canned chunks, drained",,56
1/2 cup roughly chopped cilantro leaves and tender stems,,56
"1/2 oz smoked brewed black tea, such as lapsang souchong",,56
1/2 teaspoon cumin seeds or a heaped 1/2 teaspoon ground,,56
"1/2 teaspoon garlic (about 1 large clove, finely grated)",,56
"1/2 to tablespoons powdered sugar, plus more to decorate",,56
"1/3 oz smoked brewed black tea, such as lapsang souchong",,56
"1/3 to tablespoons powdered sugar, plus more to decorate",,56
"1/4 oz smoked brewed black tea, such as lapsang souchong",,56
"1/4 to tablespoons powdered sugar, plus more to decorate",,56
"1/8 oz smoked brewed black tea, such as lapsang souchong",,56
"1/8 to tablespoons powdered sugar, plus more to decorate",,56
"1050 g smoked brewed black tea, such as lapsang souchong",,56
"12 oz pink grapefruit juice, freshly squeezed (optional)",,56
"12 oz simple syrup, preferably made with turbinado sugar",,56
"1300 g smoked brewed black tea, such as lapsang souchong",,56
2 cups homemade or store-bought low-sodium chicken stock,,56
2 tablespoons adobo sauce* or 2 teaspoons smoked paprika,,56
2 tablespoons minced basil or parsley (or a mix of both),,56
"2-inch knob ginger, peeled and cut into fine matchsticks",,56
"2/3 oz smoked brewed black tea, such as lapsang souchong",,56
"2/3 to tablespoons powdered sugar, plus more to decorate",,56
"3 fresh Thai bird chilies or 1 jalape√±o, finely chopped",,56
"3 skin-on, bone-in chicken breasts (about 1¬Ω lb. total)",,56
3 tablespoons freshly squeezed juice from about 2 lemons,,56
"3/4 oz smoked brewed black tea, such as lapsang souchong",,56
"3/4 to tablespoons powdered sugar, plus more to decorate",,56
4 1/4 tablespoon freshly squeezed lemon juice (optional),,56
4 2/3 ounces (ml) high-quality blanco tequila (see note),,56
4 3/4 ounces (ml) high-quality blanco tequila (see note),,56
6 cups homemade or store-bought low sodium chicken broth,,56
6 cups homemade or store-bought low-sodium chicken broth,,56
"9 oz. (255 g) bittersweet chocolate (70% cacao), chopped",,56
"950 ml smoked brewed black tea, such as lapsang souchong",,56
"Optional: 1 (8 ounce) package carrots, peeled and grated",,56
"Optional: 3/4 oz pink grapefruit juice, freshly squeezed",,56
"1 1/2 tablespoons whole cumin seeds, toasted, then ground",,57
"1 1/3 lime wedge, plus lime wheels for garnish (optional)",,57
"1 1/4 pounds salmon fillet, cut crosswise into two pieces",,57
"1 2/3 lime wedge, plus lime wheels for garnish (optional)",,57
"1 medium onion, grated on the large holes of a box grater",,57
"1 pound beef flank steak, sliced thinly against the grain",,57
"1 pound red potatoes, cut into ¬æ‚Äù cubes (about 3 cups)",,57
"1 small daikon, about 10 ounces, cut into 1-inch segments",,57
1 tablespoon (15ml) aj√≠ amarillo pepper paste (see note),,57
1 tablespoons fermented chili broad bean paste (see note),,57
"1/2 cup (1/2 ounce) fresh cilantro leaves, finely chopped",,57
1/2 cup homemade or store-bought low sodium chicken stock,,57
1/2 cup homemade or store-bought low-sodium chicken stock,,57
"1/2 oz simple syrup, preferably made with turbinado sugar",,57
1/2 teaspoon fennel seeds or a heaped 1/2 teaspoon ground,,57
"1/2 whole bone-in, skin-on pork shoulder, to pounds total",,57
1/3 cup low-sodium homemade or store-bought chicken stock,,57
"1/3 oz simple syrup, preferably made with turbinado sugar",,57
"1/3 whole bone-in, skin-on pork shoulder, to pounds total",,57
"1/4 oz simple syrup, preferably made with turbinado sugar",,57
"1/4 whole bone-in, skin-on pork shoulder, to pounds total",,57
"1/8 oz simple syrup, preferably made with turbinado sugar",,57
"1/8 whole bone-in, skin-on pork shoulder, to pounds total",,57
"1¬Ω cups (188 g) all-purpose flour, plus more for dusting",,57
"10 medium cloves garlic, minced (about 3 1/2 tablespoons)",,57
"1000 g simple syrup, preferably made with turbinado sugar",,57
"1100 ml smoked brewed black tea, such as lapsang souchong",,57
"1300ml simple syrup, preferably made with turbinado sugar",,57
"1400ml simple syrup, preferably made with turbinado sugar",,57
"1450 g simple syrup, preferably made with turbinado sugar",,57
"2 medium cloves garlic, finely minced (about 2 teaspoons)",,57
2 tablespoons fermented chili broad bean paste (see note),,57
"2/3 oz simple syrup, preferably made with turbinado sugar",,57
"2/3 whole bone-in, skin-on pork shoulder, to pounds total",,57
3 2/3 ounces (g) finely grated Parmigiano-Reggiano cheese,,57
3 3/4 ounces (g) finely grated Parmigiano-Reggiano cheese,,57
"3 tablespoons olive oil, divided, plus more for drizzling",,57
"3/4 oz simple syrup, preferably made with turbinado sugar",,57
"3/4 whole bone-in, skin-on pork shoulder, to pounds total",,57
30 grams/1 ounce (about 2 tablespoons) packed brown sugar,,57
"300 ml simple syrup, preferably made with turbinado sugar",,57
4 1/2 pounds (2kg) russet potatoes (about 7 medium-large),,57
6 1/2 ounces (g) finely grated Parmigiano-Reggiano cheese,,57
"6 ounces white button mushrooms, stems trimmed, quartered",,57
"750 ml simple syrup, preferably made with turbinado sugar",,57
"8 ounces crimini or porcini mushrooms, stemmed and halved",,57
"Fine salt and freshly ground black pepper, for sprinkling",,57
Optional: 1 recipe angel hair pasta with raw tomato sauce,,57
"Wakame seaweed and thinly sliced green onions, to garnish",,57
"1 teaspoon freshly ground white pepper, plus more to taste",,58
"1 (14.5-ounce) can diced tomatoes, preferably fire roasted",,58
1 cup (200 grams) plus 1/3 cup (65 grams) granulated sugar,,58
"1 large head of radicchio, leaves separated, torn if large",,58
"1 tablespoon finely chopped mint, basil or sage (optional)",,58
1/2 cup (120ml) fresh juice from 1 to 2 oranges (see note),,58
14 ounces (about 1 3/4 cups) full fat yogurt or whole milk,,58
"2 1/3 to tablespoons powdered sugar, plus more to decorate",,58
"2 1/8 to tablespoons powdered sugar, plus more to decorate",,58
"2 large cloves garlic, finely chopped (about 1 tablespoon)",,58
"2 lobsters, preferably soft shell, about 1 1/4 pounds each",,58
"2 medium cloves garlic, finely chopped (about 2 teaspoons)",,58
"3 1/2 oz black peppercorn simple syrup, chilled (optional)",,58
"3 garlic cloves, roughly chopped (about 1 1/2 tablespoons)",,58
"3 medium cloves garlic, finely minced (about 1 tablespoon)",,58
"4 2/3 oz smoked brewed black tea, such as lapsang souchong",,58
"4 3/4 oz smoked brewed black tea, such as lapsang souchong",,58
"4 skinless, boneless, chicken breasts (about 1 1/2 pounds)",,58
"6 1/8 to tablespoons powdered sugar, plus more to decorate",,58
"6 3/4 to tablespoons powdered sugar, plus more to decorate",,58
Gently stir your flour with a large spoon to loosen it up.,,58
"Optional: 2 medium yellow onions, halved and thinly sliced",,58
Optional: Freshly ground black pepper or red pepper flakes,,58
"tablespoons ( grams) mascarpone, sour cream, or applesauce",,58
"1 (14-ounce) can of sweetened condensed milk, label removed",,59
"1 1/2 teaspoons whole coriander seeds, toasted, then ground",,59
"1 1/4 whole bone-in, skin-on pork shoulder, to pounds total",,59
"1 3/4 whole bone-in, skin-on pork shoulder, to pounds total",,59
1 teaspoon kasuri methi (dry fenugreek leaves) ‚Äì optional,,59
"1 whole boneless, rind-on pork belly, about 12 to 15 pounds",,59
1‚Äâ¬Ω cups finely shredded red cabbage (from 1 small head),,59
1/2 cup (1 stick) unsalted butter or extra-virgin olive oil,,59
1/2 cup (120ml) dry white wine or 1/4 cup (60ml) dry sherry,,59
"1/2 stick (4 tablespoons) unsalted butter, room temperature",,59
1/4 cup (about 1 small handful) minced fresh oregano leaves,,59
12 ounces fresh chinese noodles (or 6 ounces dried noodles),,59
"14 ounces frozen or homemade puff pastry, thawed (see note)",,59
"2 jalape√±o peppers, split in half lengthwise, stem removed",,59
2 tablespoons freshly minced garlic (about 6 medium cloves),,59
"2 tablespoons whole Sichuan peppercorns, divided (see note)",,59
"3 medium garlic cloves, finely chopped (about 1 tablespoon)",,59
"3 Tbsp. unsalted butter, melted, plus more room temperature",,59
"4 1/3 oz simple syrup, preferably made with turbinado sugar",,59
"4 2/3 oz simple syrup, preferably made with turbinado sugar",,59
"4 cloves garlic, grated on the medium holes of a box grater",,59
"4 ounces granulated sugar (1/2 cup; 115g), plain or toasted",,59
One 28- to 32-ounce bag frozen shredded hash brown potatoes,,59
Optional: 1/2 cup shaved or finely shredded parmesan cheese,,59
Optional: 1/2 tablespoons ( grams) mascarpone or sour cream,,59
Optional: 1/4 tablespoons ( grams) mascarpone or sour cream,,59
Optional: 3 tablespoons (45 grams) mascarpone or sour cream,,59
"1 1/2 to 3 tablespoons powdered sugar, plus more to decorate",,60
1 crumb-crust recipe made with finely ground graham crackers,,60
"1 medium yellow onion, finely chopped (about 1 cup), divided",,60
"1 whole bone-in, skin-on pork shoulder, 8 to 12 pounds total",,60
1/2 cup finely minced fresh cilantro leaves and tender stems,,60
1/2 teaspoon coriander seeds or a heaped 1/2 teaspoon ground,,60
"1/2 teaspoon freshly ground white pepper, plus more to taste",,60
"1/3 teaspoon freshly ground white pepper, plus more to taste",,60
"1/4 teaspoon freshly ground white pepper, plus more to taste",,60
"1/8 teaspoon freshly ground white pepper, plus more to taste",,60
"12 3/4 oz simple syrup, preferably made with turbinado sugar",,60
"12 to 16 whole jumbo shell-on, head-on shrimp, about 1 pound",,60
"2 tablespoons ( grams) mascarpone, sour cream, or applesauce",,60
2 ¬Ω cups unbleached all-purpose flour (about 10 ‚Öù ounces),,60
"2 tablespoons freshly squeezed lemon juice, or more to taste",,60
"2 whole pasilla or guajillo chilies, seeds and stems removed",,60
"2/3 teaspoon freshly ground white pepper, plus more to taste",,60
"3 tablespoons finely chopped rosemary, sage, or thyme leaves",,60
"3/4 teaspoon freshly ground white pepper, plus more to taste",,60
4 cups ( ounces; g) uncooked parboiled long-grain white rice,,60
"Optional: 1/3 tablespoon fresh thyme leaves, roughly chopped",,60
"Optional: 3 1/2 to 4 cups bread flour, plus more for rolling",,60
"1 large onion, sliced into 1/4-inch slices (about 1 1/2 cups)",,61
"1 pint (2 cups) cherry tomatoes, halved or quartered if large",,61
"1 poblano pepper (optional)*, seeds and ribs removed, chopped",,61
"1 small cucumber, seeded and cut into 4-inch long matchsticks",,61
1‚Äâ¬Ω cups finely shredded green cabbage (from 1 small head),,61
"1/2 a large onion, roughly chopped or 1 cup chopped scallions",,61
"1/2 pound dry whole milk mozzarella cheese, grated (see note)",,61
"1/4 cup extra-virgin olive oil, plus additional for drizzling",,61
"10 garlic flakes (or 2 medium cloves garlic, roughly chopped)",,61
"2 cups all-purpose flour, plus extra for dusting work surface",,61
"2 fresh jalape√±os, including seeds and ribs, roughly chopped",,61
"2 medium Spanish onions, cut into large chunks (about 2 cups)",,61
2 ounces grated Parmesan or Pecorino Romano cheese (optional),,61
2 to 3 cups shredded low-moisture part-skim mozzarella cheese,,61
3¬†1/2 cups (16 oz / 454 g) unbleached bread flour (optional),,61
4 ounces (about 1 cup) grated part-skim mozzarella or cheddar,,61
"4 ounces fresh foie gras (about two 1/2-inch slabs, see note)",,61
4 slices artisan wheat bread any dense wheat bread works well,,61
"7 medium baking apples, such as Gala or Fuji (about 3 pounds)",,61
"graham crackers, honey, cinnamon, and pumpkin pie for garnish",,61
Optional: ounces (g) finely grated Parmigiano-Reggiano cheese,,61
Optional: 2/3 cup ( grams) plus cup ( grams) granulated sugar,,61
1 1/2 cups (about 13 1/2 ounces) risotto-style rice (see note),,62
"1 1/3 teaspoon freshly ground white pepper, plus more to taste",,62
"1 4"" piece daikon (Japanese radish), peeled, sliced ‚Öõ"" thick",,62
1/2 cups ( ounces; g) uncooked parboiled long-grain white rice,,62
"1/2 tablespoons ( grams) mascarpone, sour cream, or applesauce",,62
1/3 cups ( ounces; g) uncooked parboiled long-grain white rice,,62
"1/3 tablespoons ( grams) mascarpone, sour cream, or applesauce",,62
1/4 cups ( ounces; g) uncooked parboiled long-grain white rice,,62
"1/4 tablespoons ( grams) mascarpone, sour cream, or applesauce",,62
1/8 cups ( ounces; g) uncooked parboiled long-grain white rice,,62
"1/8 tablespoons ( grams) mascarpone, sour cream, or applesauce",,62
12 chinese chives or regular chives cut into 1/2-inch segments,,62
2/3 cups ( ounces; g) uncooked parboiled long-grain white rice,,62
"2/3 tablespoons ( grams) mascarpone, sour cream, or applesauce",,62
"3 1/2 teaspoon freshly ground white pepper, plus more to taste",,62
"3 1/8 teaspoon freshly ground white pepper, plus more to taste",,62
"3 tablespoons (45 grams) mascarpone, sour cream, or applesauce",,62
3/4 cups ( ounces; g) uncooked parboiled long-grain white rice,,62
"3/4 tablespoons ( grams) mascarpone, sour cream, or applesauce",,62
4 1/8 tablespoons ( grams) mascarpone or sour cream (optional),,62
"4 cups Little Gem or other small lettuce leaves, torn if large",,62
Approximately 1/4 cup water or reserved chickpea cooking water,,62
Optional: 1 recipe vegan curry butternut squash soup with kale,,62
"Steamed rice, black beans, and maduros, for serving (optional)",,62
"Warm rice, thinly sliced scallions, and hot sauce, for serving",,62
"1 tablespoons (g) unsalted butter, cut into roughly -inch cubes",,63
"1 (5 ounce box) fresh baby arugula, washed and dried (see note)",,63
"1 large poblano chile, seeded and roughly chopped (about 1 cup)",,63
"1/4 tablespoons unsalted butter, at room temperature (optional)",,63
"2 tablespoons (30g) butter, plus more for finishing, if desired",,63
"4 ounces parmesan, grated on a microplane grater (About 2 cups)",,63
"6 ounces picked crab meat (or surimi, cut into 1/2-inch pieces)",,63
"chopped parsley or additional fried onions (see note), to serve",,63
"cup whole milk, warmed to about ¬∞ F by microwaving for seconds",,63
Optional: 1 teaspoon lemon zest plus the juice of 1 large lemon,,63
Optional: 1/8 cup ( grams) molasses or treacle [updated weight],,63
Optional: 2/3 cup ( grams) molasses or treacle [updated weight],,63
Optional: 3/4 cup ( grams) molasses or treacle [updated weight],,63
"Optional: Add shrimp, chickpeas, or tofu to add more protein***",,63
"Sour cream, shredded cheese, and salsa, for serving, if desired",,63
Spoon the flour into your measuring cup (don‚Äôt scoop it in!).,,63
1 1/2 cups ( ounces; g) uncooked parboiled long-grain white rice,,64
"1 1/2 cups pizza sauce, such as our New York‚Äìstyle pizza sauce",,64
"1 1/2 pounds medium to firm silken tofu, cut into 1/2-inch cubes",,64
"1 1/2 pounds sirloin beef, sliced into 1/4- to 1/8th-inch strips",,64
1 1/4 cups ( ounces; g) uncooked parboiled long-grain white rice,,64
"1 cup plus 1 tablespoon (250ml) canola or vegetable oil, divided",,64
"1/2 cup fresh cilantro leaves and tender stems, coarsely chopped",,64
"1/2 pound napa cabbage (about 1/2 a small head), roughly chopped",,64
1/4 cup (about 1 small handful) finely chopped fresh mint leaves,,64
"2 1/8 tablespoons ( grams) mascarpone, sour cream, or applesauce",,64
"2 cloves garlic, finely minced, or grated on a microplane grater",,64
2 eggs fried (middles poked and spread out so the eggs lay flat),,64
"2 ounces roasted peanuts, lightly crushed in a mortar and pestle",,64
"2 tablespoons plus 1/2 teaspoon vegetable or canola oil, divided",,64
"2 to 4 garlic cloves, peeled (I use 4 but adjust to your tastes)",,64
4 1/3 cups ( ounces; g) uncooked parboiled long-grain white rice,,64
"4 cloves garlic, finely minced, or grated on a microplane grater",,64
Optional: 1 batch Cilantro Hemp Pesto (double if you love sauce),,64
1 quart (950ml) low-sodium homemade or store-bought chicken stock,,65
"1 whole chile ancho or pasilla, seeds and stem removed (see note)",,65
1 whole cocktail cherry (we prefer Woodford Reserve or Jack Rudy),,65
1/2 ounces (ml) high-quality blanco tequila (see note) (optional),,65
"1/2 tablespoons (g) unsalted butter, cut into roughly -inch cubes",,65
"1/3 tablespoons (g) unsalted butter, cut into roughly -inch cubes",,65
"1/4 tablespoons (g) unsalted butter, cut into roughly -inch cubes",,65
"1/8 tablespoons (g) unsalted butter, cut into roughly -inch cubes",,65
"2 large carrots, peeled, and cut into 1/4-inch dice (about 1 cup)",,65
"2 pounds chicken backs and carcasses, skin and excess fat removed",,65
"2/3 tablespoons (g) unsalted butter, cut into roughly -inch cubes",,65
"3/4 tablespoons (g) unsalted butter, cut into roughly -inch cubes",,65
"6 scallions, finely sliced, greens and whites reserved separately",,65
"8 ounces (2 cups) grated part-skim mozzarella, divided (optional)",,65
"Optional: ¬º teaspoon crushed red pepper flakes, or more to taste",,65
"Optional: 12 1/8 tablespoons unsalted butter, at room temperature",,65
"1 quart low sodium store-bought or homemade chicken stock, divided",,66
"1 small pineapple, peeled, cored, and cut into quarters lengthwise",,66
1 tablespoon peeled and minced fresh ginger (about a 1-inch piece),,66
"1 whole cascabel, √°rbol, or pequin chili, seeded and torn in half",,66
"1/2 teaspoon ancho or guajillo chili powder, plus more for serving",,66
100 grams/3 1/2 ounces (about 3/4 cup) Diamond Crystal kosher salt,,66
"12 1/8 tablespoons unsalted butter, at room temperature (optional)",,66
"2 medium cloves garlic, grated on a Microplane (about 2 teaspoons)",,66
200 to 250 grams Paneer (Indian cottage cheese) ‚Äì cubed or diced,,66
"3 medium cloves garlic, grated on a microplane (about 2 teaspoons)",,66
"4 1/4 oz simple syrup, made with honey instead of sugar (optional)",,66
"4 large celery ribs (9 ounces; 260g total), cut into 1/4-inch dice",,66
"4 ripe plum tomatoes, cored and cut into chunks (about 1 1/2 cups)",,66
"6 cups homemade or store-bought low sodium chicken broth, or water",,66
"6 medium tomatillos (about 1 1/2 pounds), peeled and split in half",,66
"8 Italian prune plums or 4 regular plums, split in half and pitted",,66
"Optional: 1/3 to tablespoons powdered sugar, plus more to decorate",,66
Two 3- by 1-inch strips orange zest from 1 large orange (optional),,66
"1 1/4 tablespoons (g) unsalted butter, cut into roughly -inch cubes",,67
"1 entire Grade A or Grade B fresh foie gras, about 500 to 750 grams",,67
"1 large hand ginger (about 6 inches long), split in half lengthwise",,67
"1 pound medium shrimp, shells removed and deveined (tails optional)",,67
"1 pound skinless, boneless chicken breast, cut in bite-sized pieces",,67
1 tablespoon low fat cream or 1 tablespoon heavy cream ‚Äì optional,,67
"1/2 cup whole milk, warmed to about ¬∞ F by microwaving for seconds",,67
"1/2 vanilla bean (g), split and scraped or teaspoon vanilla extract",,67
"1/3 cup whole milk, warmed to about ¬∞ F by microwaving for seconds",,67
"1/3 vanilla bean (g), split and scraped or teaspoon vanilla extract",,67
"1/4 cup whole milk, warmed to about ¬∞ F by microwaving for seconds",,67
"1/4 vanilla bean (g), split and scraped or teaspoon vanilla extract",,67
"1/8 cup whole milk, warmed to about ¬∞ F by microwaving for seconds",,67
"1/8 vanilla bean (g), split and scraped or teaspoon vanilla extract",,67
"2 tablespoons lemon juice, plus additional lemon wedges for serving",,67
"2/3 cup whole milk, warmed to about ¬∞ F by microwaving for seconds",,67
"2/3 vanilla bean (g), split and scraped or teaspoon vanilla extract",,67
"20 ounces (about 4 cups) bread flour, preferably Italian-style ""OO""",,67
"3/4 cup whole milk, warmed to about ¬∞ F by microwaving for seconds",,67
"3/4 vanilla bean (g), split and scraped or teaspoon vanilla extract",,67
"4 1/3 tablespoons (g) unsalted butter, cut into roughly -inch cubes",,67
"4 1/4 tablespoons (g) unsalted butter, cut into roughly -inch cubes",,67
4 tablespoons roasted chili oil with some chili sediment (see note),,67
"6 boneless, skinless chicken thighs (about 2 1/4 pounds; 1kg total)",,67
"8 ears of fresh sweet corn, shucked (or 6 cups frozen corn kernels)",,67
"Optional: ¬Ω cup (2 ounces) grated Parmesan, plus extra for garnish",,67
"Optional: 1/2 whole bone-in, skin-on pork shoulder, to pounds total",,67
1 tablespoon dried ground ancho chile (or 1 tablespoon chili powder),,68
1 to 2 tablespoons chopped coriander leaves (cilantro ) ‚Äì optional,,68
1/2 cup cognac or other brandy or barrel-aged spirit such as bourbon,,68
"2 ¬Ω cups marinara sauce, homemade* or store-bought (I used Rao‚Äôs)",,68
2 tablespoons butter or 1 tablespoon oil + 1 or 2 tablespoons butter,,68
"2 tablespoons Shaoxing wine, divided (or dry sherry, if unavailable)",,68
"2/3 oz simple syrup, preferably made with turbinado sugar (optional)",,68
"6 ounces (g) finely grated Gruy√®re cheese, plus more for sprinkling",,68
"6 tablespoons (85g) unsalted butter, cut into roughly 1/2-inch cubes",,68
Add 3 dashes Angostura Aromatic Bitters and 3 dashes Orange Bitters.,,68
"Arils from 1 medium pomegranate, or ¬Ω cup chopped dried cranberries",,68
"1 1/2 cup whole milk, warmed to about ¬∞ F by microwaving for seconds",,69
1 1/2 cups (10 ounces; 280g) uncooked parboiled long-grain white rice,,69
"1 2/3 cup whole milk, warmed to about ¬∞ F by microwaving for seconds",,69
"1 large bunch cilantro, washed and roughly chopped (about 1 1/2 cups)",,69
"1 ounce unsalted butter (2 tablespoons; 30g), cut into 1/2-inch cubes",,69
"1 pack square wonton wrappers (preferably yellow), about 40-50 pieces",,69
"1 pound thinly-sliced chicken cutlets, cut into 1/2-inch-thick strips",,69
1 quart (32 ounces) homemade or store-bought low-sodium chicken stock,,69
"1 tablespoon fresh ginger, grated on the medium holes of a box grater",,69
"12 ounces (g) finely grated Gruy√®re cheese, plus more for sprinkling",,69
"12 cloves garlic, grated on the medium holes of a box grater, divided",,69
"2 1/3 to tablespoons powdered sugar, plus more to decorate (optional)",,69
2 pounds potatoes o'brien (hash browns with diced onions and peppers),,69
"3 1/8 vanilla bean (g), split and scraped or teaspoon vanilla extract",,69
"3 3/4 vanilla bean (g), split and scraped or teaspoon vanilla extract",,69
"3 large ribs celery, peeled, and cut into 1/4-inch dice (about 1 cup)",,69
"4 1/8 vanilla bean (g), split and scraped or teaspoon vanilla extract",,69
"4 3/4 oz smoked brewed black tea, such as lapsang souchong (optional)",,69
"4 3/4 vanilla bean (g), split and scraped or teaspoon vanilla extract",,69
"400g bread flour (14 ounces; about 2 1/2 cups), plus more for dusting",,69
"8 ounces (225 grams) small cucumbers, washed, unpeeled, chopped small",,69
Optional: 1‚Äâ¬Ω cups finely shredded red cabbage (from 1 small head),,69
Salt and freshly ground black pepper or Aleppo pepper flakes to taste,,69
"Yolks from 4 large eggs, straight from the fridge (2 1/2 ounces; 70g)",,69
1 (2 1/2-pound) spaghetti squash (halved lengthwise and seeds removed),,70
"1 tablespoon Sichuan peppercorns, finely ground in a mortar and pestle",,70
"1-inch piece of ginger, peeled and finely chopped (about 1 tablespoon)",,70
"1/2 ounces (g) finely grated Gruy√®re cheese, plus more for sprinkling",,70
"1/3 ounces (g) finely grated Gruy√®re cheese, plus more for sprinkling",,70
"1/4 ounces (g) finely grated Gruy√®re cheese, plus more for sprinkling",,70
"1/8 ounces (g) finely grated Gruy√®re cheese, plus more for sprinkling",,70
2 tsp simple syrup (made with turbinado sugar // see notes for method),,70
"2/3 ounces (g) finely grated Gruy√®re cheese, plus more for sprinkling",,70
"3 pounds lamb shoulder, cut into 3/4-inch cubes and removed of gristle",,70
"3/4 ounces (g) finely grated Gruy√®re cheese, plus more for sprinkling",,70
"4 1/3 oz simple syrup, preferably made with turbinado sugar (optional)",,70
"8 ounces radicchio, quartered, cored, and thinly sliced (about 4 cups)",,70
"Optional: 1/3 teaspoon freshly ground white pepper, plus more to taste",,70
Scant 1 teaspoon vanilla bean paste or 1 1/2 teaspoons vanilla extract,,70
"1 chipotle chili packed in adobo sauce, plus 2 teaspoons sauce from can",,71
"1 cup whole milk, warmed to about 100¬∞ F by microwaving for 60 seconds",,71
"1 quart (900ml) low-sodium chicken broth (preferably homemade), divided",,71
"1 teaspoon (0.25 oz / 7 g) salt, or 1¬†1/2 teaspoons coarse kosher salt",,71
"2 medium cloves garlic, grated on microplane grater (about 2 teaspoons)",,71
"4 ounces (115g) finely grated Gruy√®re cheese, plus more for sprinkling",,71
"5 pounds bone-in chicken pieces (breasts, legs, or a mix), skin removed",,71
"6 scallions, white and light green parts only, finely sliced lengthwise",,71
"About 1 tablespoon flat-leaf parsley or cilantro leaves, finely chopped",,71
"One 16-ounce tall boy of beer, emptied and refilled half way with water",,71
Optional: 2 to 3 cups shredded low-moisture part-skim mozzarella cheese,,71
Optional: 4 ounces (about 1 cup) grated part-skim mozzarella or cheddar,,71
"1 (6- to 8-pound; 3 to 3.5kg) boneless pork shoulder roast, rind removed",,72
1 batch easy whole wheat pizza dough or 1 pound store-bought pizza dough,,72
"1 teaspoons fine sea salt or 2 teaspoons kosher salt, plus more to taste",,72
"1 whole chuck-eye roast (about 4 pounds), or 4 pounds boneless shortribs",,72
"1/2 vanilla bean (2g), split and scraped or 1/4 teaspoon vanilla extract",,72
1¬†1/2 tablespoons (1 oz / 28.5 g) barley malt syrup or honey (optional),,72
"14 cloves garlic, minced or pressed through garlic press (about 1/4 cup)",,72
"2 green bell peppers (about 7 ounces; 200g each), cut into 1/4-inch dice",,72
"4 medium beefsteak tomatoes, cut into 1- to 2-inch chunks (about 3 cups)",,72
"6 1/3 ounces (g) finely grated Gruy√®re cheese, plus more for sprinkling",,72
"Chopped fresh flat leaf parsley, cilantro or mint for garnish (optional)",,72
"For extra flavor, try spreading Dijon or honey mustard on the croissant.",,72
"Optional: 1 1/3 teaspoon freshly ground white pepper, plus more to taste",,72
Optional: 3/4 cups ( ounces; g) uncooked parboiled long-grain white rice,,72
"1/8 tablespoons ( grams) mascarpone, sour cream, or applesauce (optional)",,73
"12 1/2 ounces (g) finely grated Gruy√®re cheese, plus more for sprinkling",,73
"3 pounds boneless pork shoulder, trimmed and cut into 2-inch thick steaks",,73
3 pounds cube steak (tenderized round steak that's been extra tenderized),,73
5 to 6 cups broccoli florets and sliced stalks (keep the 2 cuts separate),,73
"6 tablespoons tahini (sesame seed paste), well-stirred if a new container",,73
"Jam, cr√®me fra√Æche, demerara sugar, and/or lox, (for serving; optional)",,73
"Optional: cup whole milk, warmed to about ¬∞ F by microwaving for seconds",,73
1 4-lb. whole chicken or 4 chicken legs (thigh and drumstick; about 3 lb.),,74
1 cup (240ml) homemade or store-bought low sodium chicken stock (see note),,74
1 cup (240ml) white wine (optional; can be replaced with additional broth),,74
"1 cup water, heated to 110 degrees (very warm, almost too hot for comfort)",,74
"1 whole flat or point cut beef brisket, trimmed, about 2250 grams/5 pounds",,74
"10g kosher salt (0.35 ounces; about 2 teaspoons), plus more for sprinkling",,74
"12 ounces grated full-fat, low moisture (dry) mozzarella cheese (see note)",,74
"12 snow peas, stemmed, tough strings removed, and slice thinly on the bias",,74
2 ¬æ cups (345 grams) white whole wheat flour or regular whole wheat flour,,74
"2 large yellow onions (about 12 ounces; 340g each), cut into 1/4-inch dice",,74
Optional: 1 1/4 cups ( ounces; g) uncooked parboiled long-grain white rice,,74
Optional: 1/4 cup (about 1 small handful) finely chopped fresh mint leaves,,74
"1 large red bell pepper, stemmed, seeded, and cut into 1/2-inch-wide strips",,75
"1/2 cup (110g) finely crumbled Cotija or feta cheese, plus more for serving",,75
"2 1/2 pounds boneless beef stew meat (such as chuck), cut into 1 inch cubes",,75
"2 tablespoons finely chopped preserve Sichuan Vegetable (zha cai, see note)",,75
"2 to 4 garlic cloves, peeled (I use 4 but adjust to your tastes) (optional)",,75
"3 pounds boneless pork butt (shoulder), rind removed, cut into 2-inch cubes",,75
"4g instant yeast (0.15 ounces; about 1 teaspoon), such as SAF Instant Yeast",,75
"Optional: 3/4 tablespoons (g) unsalted butter, cut into roughly -inch cubes",,75
1 ¬º cups quick-cooking oats** (use certified gluten-free oats if necessary),,76
1 cup or more of water (will likely only need if beans weren‚Äôt pre-soaked),,76
"1 leek, white and light green parts only, cleaned and sliced into thin rings",,76
1 pound dried chickpeas (garbanzo beans) or 4 15-ounce cans cooked chickpeas,,76
"1 red or orange bell pepper, cut into 1/2 inch strips and then into diamonds",,76
"1 small head bok choy or napa cabbage, leaves cut into 1- to 2-inch segments",,76
"1/2 medium (-ounce; g) yellow onion, peeled, quartered, and root end trimmed",,76
"1/3 medium (-ounce; g) yellow onion, peeled, quartered, and root end trimmed",,76
"1/3 tablespoons (g) unsalted butter, cut into roughly -inch cubes (optional)",,76
"1/4 medium (-ounce; g) yellow onion, peeled, quartered, and root end trimmed",,76
"1/8 medium (-ounce; g) yellow onion, peeled, quartered, and root end trimmed",,76
"12 tablespoons (1 1/2 sticks) cold unsalted butter, cut into 1/4-inch slices",,76
2 ¬Ω cups thinly sliced red cabbage (about 10 ounces or ¬ºth medium cabbage),,76
2 cups diced tomatoes or 300 grams tomatoes or 4 to 5 medium size ‚Äì pureed,,76
"2 to 4 tablespoons kochukaru, to taste (Korean dried chili flakes, see note)",,76
"2/3 medium (-ounce; g) yellow onion, peeled, quartered, and root end trimmed",,76
"3 1/2 pounds mixed apples (1.6kg; about 8 apples), cored and roughly chopped",,76
"3/4 medium (-ounce; g) yellow onion, peeled, quartered, and root end trimmed",,76
"4 boneless skinless chicken breasts, OR 4-6 boneless skinless chicken thighs",,76
"6 leek, white and light green parts only, cleaned and sliced into thin rings",,76
Optional: 1 tablespoon peeled and minced fresh ginger (about a 1-inch piece),,76
"1 (28-ounce) can crushed Italian plum tomatoes, preferably D.O.P. San Marzano",,77
1 cup plus 2 tablespoons (9 oz / 255 g) lukewarm water (about 95¬∞F or 35¬∞C),,77
"1 large green bell pepper, stemmed, seeded, and cut into 1/2-inch-wide strips",,77
"1 small-to-medium (2 to 2 ¬Ω pounds) butternut squash, cut into ¬æ-inch cubes",,77
"1/2 tablespoons (ml) extra-virgin olive oil, duck fat, goose fat, or beef fat",,77
"1/3 tablespoons (ml) extra-virgin olive oil, duck fat, goose fat, or beef fat",,77
"1/4 cup extra-virgin olive oil, plus more for drizzling potatoes after cooked",,77
"1/4 cup finely chopped fresh parsley, if you‚Äôre measuring, or a big handful",,77
"1/4 tablespoons (ml) extra-virgin olive oil, duck fat, goose fat, or beef fat",,77
"1/8 tablespoons (ml) extra-virgin olive oil, duck fat, goose fat, or beef fat",,77
"2 teaspoons fermented black beans, or 1 tablespoon fermented black bean paste",,77
"2/3 tablespoons (ml) extra-virgin olive oil, duck fat, goose fat, or beef fat",,77
"3 cups (24 ounces) marinara sauce, homemade* or store-bought (I used Rao‚Äôs)",,77
"3/4 tablespoons (ml) extra-virgin olive oil, duck fat, goose fat, or beef fat",,77
"4 ears fresh corn, shucked, kernels removed (about 3 cups fresh corn kernels)",,77
"4 large celery ribs (9 ounces; 260g total), cut into 1/4-inch dice (optional)",,77
"4 scallions, whites finely chopped, greens thinly sliced, reserved separately",,77
"5 tablespoons (75ml) extra-virgin olive oil, duck fat, goose fat, or beef fat",,77
"8 ounces mushrooms, sliced (shiitake, portabello, button, enoki or a variety)",,77
"Diamond Crystal kosher salt; for table salt, use about half as much by volume",,77
freshly cracked black pepper and herbs (such as thyme or parsley) for garnish,,77
"Optional: 8 ears of fresh sweet corn, shucked (or 6 cups frozen corn kernels)",,77
"1 1/3 medium (-ounce; g) yellow onion, peeled, quartered, and root end trimmed",,78
"1 1/4 medium (-ounce; g) yellow onion, peeled, quartered, and root end trimmed",,78
"1 1/4 tablespoons (g) unsalted butter, cut into roughly -inch cubes (optional)",,78
"1 large red bell pepper, cored, seeded, and roughly chopped (about 1 1/2 cups)",,78
"1 large yellow bell pepper, stemmed, seeded, and cut into 1/2-inch-wide strips",,78
"1 medium (8-ounce; 225g) yellow onion, peeled, quartered, and root end trimmed",,78
"1 pound ground chicken, or boneless, skinless meat chopped in a food processor",,78
1 tablespoon Chinese black vinegar (or distilled white vinegar if unavailable),,78
"1/2 leek, white and light green parts only, cleaned and sliced into thin rings",,78
"1/3 leek, white and light green parts only, cleaned and sliced into thin rings",,78
"1/4 cup finely chopped fresh cilantro, if you‚Äôre measuring, or a big handful",,78
"1/4 leek, white and light green parts only, cleaned and sliced into thin rings",,78
"1/8 leek, white and light green parts only, cleaned and sliced into thin rings",,78
"2 ounces ( grams) white chocolate chips, or chopped white chocolate from a bar",,78
2 tablespoons harissa paste (I just used a small squeeze) or another hot sauce,,78
"2 Tbsp. unsalted butter, cut into small cubes, plus extra for greasing the pan",,78
2 to 3 cups (8 to 12 ounces) shredded low-moisture part-skim mozzarella cheese,,78
"2/3 leek, white and light green parts only, cleaned and sliced into thin rings",,78
3 tablespoons (about 3 very large pinches) finely chopped fresh oregano leaves,,78
"3/4 leek, white and light green parts only, cleaned and sliced into thin rings",,78
"4 1/3 medium (-ounce; g) yellow onion, peeled, quartered, and root end trimmed",,78
"4 2/3 medium (-ounce; g) yellow onion, peeled, quartered, and root end trimmed",,78
"4 cubanelle peppers, stemmed, seeded, and cut into large chunks (about 2 cups)",,78
"4 large Russet or Yukon Gold potatoes, peeled and cut into 1- to 2-inch chunks",,78
"Optional: 2 ¬Ω cups marinara sauce, homemade* or store-bought (I used Rao‚Äôs)",,78
1/2 ounces (g) pullman or brioche bread (about one-third to one-half of a loaf),,79
"1/2 teaspoon fil√© powder, plus more as needed for serving (optional; see note)",,79
1/3 ounces (g) pullman or brioche bread (about one-third to one-half of a loaf),,79
1/4 ounces (g) pullman or brioche bread (about one-third to one-half of a loaf),,79
1/8 ounces (g) pullman or brioche bread (about one-third to one-half of a loaf),,79
"2 oz bourbon (we prefer Angel's Envy, Four Roses small batch, or Heaven's Door)",,79
2/3 ounces (g) pullman or brioche bread (about one-third to one-half of a loaf),,79
3 tablespoons finely chopped preserved Sichuan mustard root or stems (see note),,79
"3 tablespoons fresh ginger, grated on the medium holes of a box grater, divided",,79
"3 tablespoons minced yacai (Chinese preserved mustard root, see note, optional)",,79
3/4 ounces (g) pullman or brioche bread (about one-third to one-half of a loaf),,79
"4 large red bell peppers, halved from stem to base, seeds and membranes removed",,79
"5 pounds (2.3kg) bone-in beef short ribs, trimmed of silver skin and excess fat",,79
"Extra-virgin olive oil, for brushing (or avocado oil, if using stovetop method)",,79
"1 2/3 leek, white and light green parts only, cleaned and sliced into thin rings",,80
"1 3/4 leek, white and light green parts only, cleaned and sliced into thin rings",,80
"1 batch Super Simple Marinara Sauce, or 2 cups (16 ounces) store-bought marinara",,80
"1 cup (about 4 ounces) cavatelli, ditalini, elbow or small shell pasta of choice",,80
"1 large bunch (8 ounces) kale*, preferably Tuscan/lacinato but any variety works",,80
"1/2 ounces ( grams) white chocolate chips, or chopped white chocolate from a bar",,80
"1/3 ounces ( grams) white chocolate chips, or chopped white chocolate from a bar",,80
"1/4 ounces ( grams) white chocolate chips, or chopped white chocolate from a bar",,80
"1/8 ounces ( grams) white chocolate chips, or chopped white chocolate from a bar",,80
"1¬†1/2 teaspoons (0.37 oz / 10.5 g) salt, or 2¬†1/2 teaspoons coarse kosher salt",,80
"12 1/8 tablespoons (ml) extra-virgin olive oil, duck fat, goose fat, or beef fat",,80
"12 2/3 tablespoons (ml) extra-virgin olive oil, duck fat, goose fat, or beef fat",,80
2 pounds potatoes o'brien (hash browns with diced onions and peppers) (optional),,80
"2/3 ounces ( grams) white chocolate chips, or chopped white chocolate from a bar",,80
"3 scallions, whites finely minced, and greens finely sliced, reserved separately",,80
"3/4 ounces ( grams) white chocolate chips, or chopped white chocolate from a bar",,80
"4 tablespoons oil (can use sunflower oil, olive oil or any neutral flavored oil)",,80
"6 1/3 leek, white and light green parts only, cleaned and sliced into thin rings",,80
"Optional: 3/4 ounces (g) finely grated Gruy√®re cheese, plus more for sprinkling",,80
1 (2 1/2-pound) spaghetti squash (halved lengthwise and seeds removed) (optional),,81
"1 cup pizza sauce or one 32-ounce can whole tomatoes, drained and crushed by hand",,81
"1 pound (450g) shallots, peeled and sliced into 1/16-inch-thick rounds (see note)",,81
"1 whole head white or green cabbage, cut into 6 to 8 wedges (2 to 3 pounds total)",,81
1/2 to 1 teaspoon hot red pepper flakes or mild ones such as urfa biber or Aleppo,,81
11 ounces (320g) pullman or brioche bread (about one-third to one-half of a loaf),,81
"2 cups chopped Tuscan kale (tough ribs removed first), or chard or collard greens",,81
2 cups homemade chicken or veal stock (or 2 cups low-sodium canned chicken broth),,81
"2 pounds boneless, skinless chicken thighs, trimmed of excess fat (6 to 8 thighs)",,81
4 1/4 ounces (g) pullman or brioche bread (about one-third to one-half of a loaf),,81
4 3/4 ounces (g) pullman or brioche bread (about one-third to one-half of a loaf),,81
"6 ounces (170 grams) white chocolate chips, or chopped white chocolate from a bar",,81
"Big handful of parsley (or a mix of parsley, cilantro and mint would be good too)",,81
"1 bunch (about 3 ounces) flat spinach leaves, trimmed, rinsed, and roughly chopped",,82
"1 pound white fish (such as cod, hake, or halibut), cut into eight 2-ounce fingers",,82
"2 1/8 ounces ( grams) white chocolate chips, or chopped white chocolate from a bar",,82
"2 cans (14 ounces each) chickpeas (or 3 cups cooked chickpeas), rinsed and drained",,82
"4 chipotle chilis packed in adobo, roughly chopped, with 2 tablespoons adobo sauce",,82
4 cups thinly sliced Japanese or English cucumbers (about 3 Japanese or 1 English),,82
"1 can (15 ounces) black beans, rinsed and drained (or 1 ¬Ω cups cooked black beans)",,83
"12 1/4 ounces ( grams) white chocolate chips, or chopped white chocolate from a bar",,83
"12 3/4 ounces ( grams) white chocolate chips, or chopped white chocolate from a bar",,83
"4 rib eye or New York strip steaks, about 1 1/2-inches thick (about 12 ounces each)",,83
"1/4 teaspoon Diamond Crystal kosher salt; for table salt, use half as much by volume",,84
"2 serrano chiles, roughly chopped (seeded for a hot salsa, not seeded for extra-hot)",,84
5 to 6 cups broccoli florets and sliced stalks (keep the 2 cuts separate) (optional),,84
"6 tablespoons tahini (sesame seed paste), well-stirred if a new container (optional)",,84
Optional: 1 cup (240ml) homemade or store-bought low sodium chicken stock (see note),,84
"1 1/2 cups (8 ounces or 225 grams) cherry tomatoes, chopped small, plus more to taste",,85
"1 center-cut beef tenderloin, timmed of silverskin and fat, about 2 pounds (see note)",,85
Optional: ounces (g) pullman or brioche bread (about one-third to one-half of a loaf),,85
"Warm corn tortillas, onions, cilantro, salsa, limes, and other condiments for serving",,85
"1 full rack St. Louis-style spareribs, cut into individual ribs (about 3 pounds total)",,86
"1 tablespoon (15ml) Buffalo-style hot sauce, such as Frank's RedHot (or more to taste)",,86
"3 boneless, skinless chicken breasts, cut into 1-inch cubes (about 1 1/2 pounds total)",,86
"4 slices from a large loaf of rye bread, whole wheat sourdough or bread of your choice",,86
Optional: 1 pound dried chickpeas (garbanzo beans) or 4 15-ounce cans cooked chickpeas,,86
"2 cups prepared hummus (from this recipe, your favorite recipe, or your favorite brand)",,87
"Optional: 2/3 tablespoons (ml) extra-virgin olive oil, duck fat, goose fat, or beef fat",,87
"1 pound beef sirloin, cut into 1-inch cubes, trimmed of excess fat and connective tissue",,88
"1/3 tablespoons (ml) extra-virgin olive oil, duck fat, goose fat, or beef fat (optional)",,88
"4 tablespoons unsalted butter, cut into 1/2-inch cubes, plus more for the casserole dish",,88
"1 whole dried New Mexico, coste√±o, or choricero chili, seeds and stem removed (see note)",,89
"2 cups raw cashews, soaked for at least 4 hours if you do not have a high-powered blender",,89
"3 scallions, whites finely sliced, greens cut into 1/2-inch segments, reserved separately",,89
"3/4 leek, white and light green parts only, cleaned and sliced into thin rings (optional)",,89
"4 cubanelle peppers, stemmed, seeded, and cut into large chunks (about 2 cups) (optional)",,89
"1 1/2 pounds (680g) ripe tomatoes, cut into 1/4- to 1/2-inch dice (about 3 cups); see note",,90
"1 large carrot, peeled, cut into strips 1/8th-inch square and 3 inches long (about 2 cups)",,90
1 tablespoon za‚Äôatar (another flavorful spice blend like curry powder is great here too),,90
"12 ounces queso blanco or queso de frier, cut into slices 1/2-inch x 1/2-inch x 2 1/2-inch",,90
"2 cups¬†raw cashews, soaked for at least 4 hours if you do not have a high-powered blender",,90
"4 satsumas or blood oranges or 3 medium oranges, peeled, sliced into rounds, seeds removed",,90
"Optional: 1/8 ounces ( grams) white chocolate chips, or chopped white chocolate from a bar",,90
"Optional: 3/4 ounces ( grams) white chocolate chips, or chopped white chocolate from a bar",,90
"Optional: 4 tablespoons oil (can use sunflower oil, olive oil or any neutral flavored oil)",,90
"Optional: 6 1/3 leek, white and light green parts only, cleaned and sliced into thin rings",,90
"1/4 ounces ( grams) white chocolate chips, or chopped white chocolate from a bar (optional)",,91
"3 cups home-made fresh ricotta (see note), or 3 cups store-bought whole-milk cottage cheese",,91
"1 pound flank steak, skirt steak, hanger steak, or flap meat, cut into 1/4-inch thick strips",,92
"3 whole carrots, peeled and then sliced into ribbons with vegetable peeler (about 1 ¬Ω cups)",,92
"6 baby leeks, 12 ramps, or 12 green onions, sliced on a steep bias into 2-inch long segments",,92
"Corn tortillas, cilantro, diced onions, lime wedges, and queso fresco for serving (optional)",,92
"1 medium serrano or jalape√±o pepper*, minced (remove ribs and seeds to tame the spice level)",,93
"2 to 4 red Thai chilis, finely minced (or 2 teaspoons Sambal Oelek crushed fresh chili sauce)",,93
"4 1-inch slices from a large loaf of rye bread, whole wheat sourdough or bread of your choice",,93
"1 to 2 medium cloves garlic, pressed or minced on a Microplane grater (about 1 to 2 teaspoons)",,94
2 to 3 tablespoons low-fat cream or half & half or 1 to 2 tablespoons heavy cream ‚Äì optional,,94
Suggested garnishes: vegan Parmesan (or a light sprinkle of nutritional yeast) and fresh basil,,94
"1 pound (450g) fresh okra, caps trimmed, pods cut crosswise 1/2 inch thick (optional; see note)",,95
"1/2 pound skinless flaky white fish such as bass, halibut, hake, or cod, cut into 1-inch pieces",,95
"2 small leeks, white and light green parts only, cut into 1/4-inch slices (about 1/2 cup total)",,95
Suggested garnishes: vegan Parmesan (or a light sprinkle of nutritional yeast)¬†and fresh basil,,95
1 tablespoon Diamond Crystal (12g); for table salt use half as much by volume or the same weight,,96
"1/2 pound cleaned squid, bodies sliced into 1/2-inch rings, tentacles halved lengthwise if large",,96
1/2 tablespoon Diamond Crystal (g); for table salt use half as much by volume or the same weight,,96
1/3 tablespoon Diamond Crystal (g); for table salt use half as much by volume or the same weight,,96
1/4 tablespoon Diamond Crystal (g); for table salt use half as much by volume or the same weight,,96
1/8 tablespoon Diamond Crystal (g); for table salt use half as much by volume or the same weight,,96
2/3 tablespoon Diamond Crystal (g); for table salt use half as much by volume or the same weight,,96
3/4 tablespoon Diamond Crystal (g); for table salt use half as much by volume or the same weight,,96
Egg wash made from 1 large egg whisked with 1 tablespoon (15ml) water; or nonstick cooking spray,,96
"1 1/2 pounds Cajun-style andouille sausage (680g; about 8 links), sliced crosswise 1/2 inch thick",,97
"1 large can (28 ounces) fire-roasted crushed tomatoes or whole peeled tomatoes, with their juices",,97
"1/4 cup plain yogurt, preferably whole-milk though low-fat will work, plus additional for serving",,97
"Fluffy pocketless pita bread, brushed in butter, lightly toasted, and cut into 1 √ó 3-inch strips",,97
1 1/2 quarts (1.4L) homemade brown or white chicken stock or store-bought low-sodium chicken broth,,98
"1 medium daikon radish, peeled, cut into strips 1/8th-inch square and 3 inches long (about 2 cups)",,98
"1 to 2 serrano or jalape√±o chilies, finely diced (seeds and membranes removed for a milder salsa)",,98
"12 scallions, white parts only (reserve greens and light green parts for garnishing finished soup)",,98
3 1/2 tablespoon Diamond Crystal (g); for table salt use half as much by volume or the same weight,,98
3 1/8 tablespoon Diamond Crystal (g); for table salt use half as much by volume or the same weight,,98
6 1/3 tablespoon Diamond Crystal (g); for table salt use half as much by volume or the same weight,,98
6 1/4 tablespoon Diamond Crystal (g); for table salt use half as much by volume or the same weight,,98
1 tablespoon Sichuan fermented chili-bean paste (or generic Asian chili-garlic sauce if unavailable),,100
"8g extra-virgin olive oil (0.25 ounces; about 2 teaspoons), plus more to coat pans and for drizzling",,100
Add 2 to 3 tablespoons water and blend to a smooth paste without any tiny bits or pieces of cashews.,,100
"Other toppings such as enoki mushrooms, thinly sliced woodear mushrooms, or bamboo shoots as desired",,100
"3 whole ancho, pasilla, or mulato chilies, seeded and torn into rough 1-inch pieces (about 1/2 ounce)",,101
"1 dozen scallions, white parts only (reserve greens and light green parts for garnishing finished soup)",,103
"1 to 2 tablespoons finely chopped parsley, or a mix of parsley, mint, and chives, plus more for garnish",,103
"2 dozen scallions, white parts only (reserve greens and light green parts for garnishing finished soup)",,103
"4 ounces kale, ribs removed and chopped small (preferably the Tuscan variety, about ¬Ω bunch or 2 cups)",,103
1 teaspoon (g) Diamond Crystal kosher salt; for table salt use half as much by volume or the same weight,,104
"1 1/2 pounds boneless skinless chicken thighs, trimmed of excess fat, and cut into 1/2 to 3/4-inch pieces",,105
"1 cup (270 g) sourdough starter discard from a starter fed within the previous 24 hours, room temperature",,105
"1 pound mushrooms (button, cremini, shiitake, portabello, or a mix) cleaned, trimmed, and roughly chopped",,105
"1 pound boneless, skinless, chicken breasts, sliced crosswise against the grain into 1/2-inch thick strips",,106
1/2 teaspoon (g) Diamond Crystal kosher salt; for table salt use half as much by volume or the same weight,,106
1/3 teaspoon (g) Diamond Crystal kosher salt; for table salt use half as much by volume or the same weight,,106
1/4 teaspoon (g) Diamond Crystal kosher salt; for table salt use half as much by volume or the same weight,,106
1/8 teaspoon (g) Diamond Crystal kosher salt; for table salt use half as much by volume or the same weight,,106
2/3 teaspoon (g) Diamond Crystal kosher salt; for table salt use half as much by volume or the same weight,,106
3/4 teaspoon (g) Diamond Crystal kosher salt; for table salt use half as much by volume or the same weight,,106
"4 cups vegetable broth (for dried but soaked chickpeas), 1 1/2 cups vegetable broth (for cooked chickpeas)",,106
Optional: 3/4 tablespoon Diamond Crystal (g); for table salt use half as much by volume or the same weight,,106
"1/2 pound cleaned squid, bodies sliced into 1/2-inch rings, tentacles halved lengthwise if large (optional)",,107
1/2 teaspoon (2g) Diamond Crystal kosher salt; for table salt use half as much by volume or the same weight,,107
"8 ounces ground pork or minced beef fillet, or white fish fillets, such as cod or flounder, roughly chopped",,107
1 1/8 teaspoon (g) Diamond Crystal kosher salt; for table salt use half as much by volume or the same weight,,108
2 1/2 teaspoon (g) Diamond Crystal kosher salt; for table salt use half as much by volume or the same weight,,108
2 1/8 teaspoon (g) Diamond Crystal kosher salt; for table salt use half as much by volume or the same weight,,108
3 1/2 tablespoon Diamond Crystal (g); for table salt use half as much by volume or the same weight (optional),,109
"Fifteen 4- by 8-inch sheets fresh rolled pasta, or 15 pieces no-boil lasagna noodles from 1 package (see note)",,110
"Optional garnishes: Fresh basil (small leaves or torn), red pepper flakes and/or finely grated Parmesan cheese",,110
"1 to 2 tablespoons Sichuan peppercorns toasted in hot skillet for 30 seconds until fragrant, divided (see note)",,111
10 grams/.325 ounces (about 1 1/2 teaspoons) of pink salt or 7.5 grams/.25 ounces (about 2 teaspoons) saltpeter,,111
"3 pounds pig trotters, split lengthwise or cut crosswise into 1-inch disks (as your butcher to do this for you)",,111
"3 pounds pig trotters, split lengthwise or cut crosswise into 1-inch disks (ask your butcher to do this for you)",,112
"Optional garnishes: Additional chopped parsley, black pepper, grated Parmesan cheese or light drizzle of olive oil",,114
"1 teaspoon five spice powder, Old Bay, smoked paprika, Sichuan peppercorns, or a combination (optional, as desired)",,115
"Optional: 1 cup (270 g) sourdough starter discard from a starter fed within the previous 24 hours, room temperature",,115
1/3 teaspoon (g) Diamond Crystal kosher salt; for table salt use half as much by volume or the same weight (optional),,117
"1 3/4 cups cooked, drained chickpeas (from a 15-ounce can) or a little shy of 2/3 cup dried chickpeas (for same yield)",,118
"1 cup uncooked brown basmati rice, for serving (rice is optional, I like to cook extra to have on hand for other meals)",,119
"2 cups cheddar cheese (or to taste) or 2 cups monterey jack and cheddar cheese blend, shredded and divided (or to taste)",,120
"2 cans (15 ounces each) cannellini beans, Great Northern beans, or chickpeas, rinsed and drained (or 3 cups cooked beans)",,121
"1 tablespoon (0.75 oz / 21 g) barley malt syrup, honey, or rice syrup, or 1 teaspoon (0.25 oz / 7 g) diastatic malt powder",,122
"1 whole chicken, back removed, cut into 8 pieces (about 4 pounds), or 4 whole chicken legs, cut into thighs and drumsticks",,122
"4 to pounds (. to .kg) russet potatoes, peeled and sliced inch thick on a mandoline slicer ( to medium potatoes; see note)",,122
"8 ounces extra sharp cheddar cheese (or a mix of cheddar and pepper Jack‚Äîsee note), grated on large holes of a box grater",,123
"1/2 to pounds (. to .kg) russet potatoes, peeled and sliced inch thick on a mandoline slicer ( to medium potatoes; see note)",,124
"1/3 to pounds (. to .kg) russet potatoes, peeled and sliced inch thick on a mandoline slicer ( to medium potatoes; see note)",,124
"1/4 to pounds (. to .kg) russet potatoes, peeled and sliced inch thick on a mandoline slicer ( to medium potatoes; see note)",,124
"1/8 to pounds (. to .kg) russet potatoes, peeled and sliced inch thick on a mandoline slicer ( to medium potatoes; see note)",,124
"2/3 to pounds (. to .kg) russet potatoes, peeled and sliced inch thick on a mandoline slicer ( to medium potatoes; see note)",,124
"3/4 to pounds (. to .kg) russet potatoes, peeled and sliced inch thick on a mandoline slicer ( to medium potatoes; see note)",,124
"For serving: sour cream or cashew cream, shredded cheese, hot sauce, cilantro, sliced green onion, roasted and salted pepitas",,125
"1/2 teaspoon cayenne, spoonful of harissa or a couple shakes of your favorite hot sauce (all adjusted to your heat preference)",,126
"2 whole New Mexico red, California, coste√±o, or choricero chilies, seeded and torn into rough 1-inch pieces (about 1/8 ounce)",,126
"4 1/8 to pounds (. to .kg) russet potatoes, peeled and sliced inch thick on a mandoline slicer ( to medium potatoes; see note)",,126
"1 pounds (about kg) russet or Yukon Gold potatoes, peeled and cut into quarters, sixths, or eighths, depending on size (see note)",,129
1 pound (450g) short dried pasta (such as casarecce or gemelli) or long fresh egg-dough pasta (such as tagliatelle or fettuccine),,129
"2 tablespoons Sichuan peppercorns, one tablespoon left whole, the other toasted and ground in a spice grinder or mortar and pestle",,130
"4 pounds (about 2kg) russet or Yukon Gold potatoes, peeled and cut into quarters, sixths, or eighths, depending on size (see note)",,130
"1/2 pounds (about kg) russet or Yukon Gold potatoes, peeled and cut into quarters, sixths, or eighths, depending on size (see note)",,131
"1/3 pounds (about kg) russet or Yukon Gold potatoes, peeled and cut into quarters, sixths, or eighths, depending on size (see note)",,131
"1/4 pounds (about kg) russet or Yukon Gold potatoes, peeled and cut into quarters, sixths, or eighths, depending on size (see note)",,131
"1/8 pounds (about kg) russet or Yukon Gold potatoes, peeled and cut into quarters, sixths, or eighths, depending on size (see note)",,131
"2/3 pounds (about kg) russet or Yukon Gold potatoes, peeled and cut into quarters, sixths, or eighths, depending on size (see note)",,131
"3/4 pounds (about kg) russet or Yukon Gold potatoes, peeled and cut into quarters, sixths, or eighths, depending on size (see note)",,131
"4 medium (about 1.3 ounces total) dried chiles cascabeles norte√±o, or California/ New Mexico chiles, stemmed, seeded, and deveined",,131
"2 teaspoons coarse sea or kosher salt (what I used for lightly salted broth, use more for unsalted, less for salted or canned beans)",,132
"1 2/3 pounds (about kg) russet or Yukon Gold potatoes, peeled and cut into quarters, sixths, or eighths, depending on size (see note)",,133
"4 1/2 pounds (about kg) russet or Yukon Gold potatoes, peeled and cut into quarters, sixths, or eighths, depending on size (see note)",,133
"4 3/4 pounds (about kg) russet or Yukon Gold potatoes, peeled and cut into quarters, sixths, or eighths, depending on size (see note)",,133
"Optional garnishes: Sliced ripe avocado or guacamole, perhaps a drizzle of cilantro-hemp pesto, red salsa, sour cream or vegan sour cream",,137
"Optional: pounds (about kg) russet or Yukon Gold potatoes, peeled and cut into quarters, sixths, or eighths, depending on size (see note)",,137
"3 to 3 1/2 pounds (1.4 to 1.6kg) russet potatoes, peeled and sliced 1/8 inch thick on a mandoline slicer (5 to 6 medium potatoes; see note)",,139
"Suggested garnishes: Grated sharp cheddar cheese, thinly sliced green onion, additional cilantro leaves and/or a tiny pinch of chili powder",,139
"2/3 pounds (about kg) russet or Yukon Gold potatoes, peeled and cut into quarters, sixths, or eighths, depending on size (see note) (optional)",,142
"A small handful finely chopped leafy fresh herbs (parsley, cilantro, mint, chives, dill or a mix thereof) plus a few roughly chopped, to serve",,142
"Your favorite burger fixings: Avocado or guacamole, tomato, onion, lettuce, pickles, cheese, sprouts, ketchup, hot sauce, mustard, fried eggs‚Ä¶",,144
"1/2 cups ( ounces; g) dried field peas (cowpeas), preferably not black-eyed peas, rinsed, picked over for debris, and soaked overnight (see note)",,145
"1/3 cups ( ounces; g) dried field peas (cowpeas), preferably not black-eyed peas, rinsed, picked over for debris, and soaked overnight (see note)",,145
"1/4 cups ( ounces; g) dried field peas (cowpeas), preferably not black-eyed peas, rinsed, picked over for debris, and soaked overnight (see note)",,145
"1/8 cups ( ounces; g) dried field peas (cowpeas), preferably not black-eyed peas, rinsed, picked over for debris, and soaked overnight (see note)",,145
"2/3 cups ( ounces; g) dried field peas (cowpeas), preferably not black-eyed peas, rinsed, picked over for debris, and soaked overnight (see note)",,145
"3/4 cups ( ounces; g) dried field peas (cowpeas), preferably not black-eyed peas, rinsed, picked over for debris, and soaked overnight (see note)",,145
"3 1/4 cups ( ounces; g) dried field peas (cowpeas), preferably not black-eyed peas, rinsed, picked over for debris, and soaked overnight (see note)",,147
"3 3/4 cups ( ounces; g) dried field peas (cowpeas), preferably not black-eyed peas, rinsed, picked over for debris, and soaked overnight (see note)",,147
"1 pound (16 ounces) fresh baby spinach or baby kale, or frozen spinach or kale, or 1 ¬Ω pounds Tuscan kale or spinach bunches, washed and stems removed",,151
"2 pounds (900g) trimmed skirt steak (about 1 whole steak; see note), cut crosswise into 5- to 6-inch pieces (see our detailed trimming instructions here)",,153
"1 1/2 cups (9 1/2 ounces; 270g) dried field peas (cowpeas), preferably not black-eyed peas, rinsed, picked over for debris, and soaked overnight (see note)",,155
"1 head of roasted peeled garlic (I use the toaster oven. Separate the cloves first but don‚Äôt peel, then roast until soft and the cloves pop right out of the skin)",,164
"1 1/2 pounds (675g) mixed mushrooms (such as shiitake, oyster, maitake, beech, cremini, and chanterelles), cleaned, trimmed, and thinly sliced or torn by hand (see note)",,169
"Olive oil, paprika or sumac, pita wedges (brushed with olive oil and sprinkled with za‚Äôatar, or a combination of sesame seeds and sea salt), and/or carrot sticks [optional] to serve",,183
"Optional additions: Fried eggs or scrambled eggs, toasted pepitas (green pumpkin seeds), crumbled Cotija or feta cheese, sliced avocado, handful of halved cherry tomatoes, hot sauce or quick collard greens",,205
19. Then add 1 teaspoon Kashmiri red chilli powder or deghi mirch. You can even add ¬Ω teaspoon Kashmiri red chilli powder or ¬º to ¬Ω teaspoon of cayenne pepper or paprika or any other variety of red chilli powder.,,215
"To serve: Pitas, tahini sauce (below), tomato-cucumber salad, harissa (homemade or storebought) or another hot sauce (such as zhoug), and any pickled vegetables you wish, such as cucumbers, red onion, or mango (amba)",,216
"And then whatever you like for seasonings. I like a little curry powder, a little bit of chicken oxo bullion powder, seasoning salt, pepper, and a some raw chopped garlic (save a couple cloves from the roasted head if you want).",,228